1 0.431641 0.827778 0.010156 0.050000
1 0.456250 0.818750 0.012500 0.048611
0 0.950781 0.595833 0.098438 0.750000
9 0.91015625 0.1875 0.01953125 0.026041666666666668
10 0.8671875 0.9375 0.01953125 0.026041666666666668
3 0.6611328125 0.19791666666666666 0.01953125 0.026041666666666668
4 0.6484375 0.8971354166666666 0.01953125 0.026041666666666668
5 0.912109375 0.2265625 0.01953125 0.026041666666666668
6 0.8701171875 0.9296875 0.01953125 0.026041666666666668
7 0.994140625 0.20182291666666666 0.01953125 0.026041666666666668
8 0.9921875 0.9869791666666666 0.01953125 0.026041666666666668
