0 0.061719 0.590972 0.067188 0.798611
2 0.099609375 0.30527086383601754 0.01171875 0.04538799414348463
2 0.1103515625 0.66398243045388 0.01171875 0.0424597364568082
2 0.125 1.0197657393850659 0.01171875 0.05124450951683748
9 0.08984375 0.1273792093704246 0.01953125 0.029282576866764276
10 0.1220703125 0.9926793557833089 0.01953125 0.029282576866764276
3 0.017578125 0.1815519765739385 0.01953125 0.029282576866764276
4 0.048828125 0.9795021961932651 0.01953125 0.029282576866764276
5 0.0810546875 0.1595900439238653 0.01953125 0.029282576866764276
6 0.1064453125 0.9912152269399708 0.01953125 0.029282576866764276
7 0.0263671875 0.19765739385065886 0.01953125 0.029282576866764276
8 0.0595703125 0.9824304538799414 0.01953125 0.029282576866764276
9 0.4970703125 0.22547584187408493 0.01953125 0.029282576866764276
3 0.669921875 0.22547584187408493 0.01953125 0.029282576866764276
4 0.6767578125 0.8565153733528551 0.01953125 0.029282576866764276
5 0.5 0.2445095168374817 0.01953125 0.029282576866764276
6 0.494140625 0.2679355783308931 0.01953125 0.029282576866764276
7 0.6337890625 0.232796486090776 0.01953125 0.029282576866764276
8 0.626953125 0.6617862371888726 0.01953125 0.029282576866764276
