0 0.558203 0.803472 0.139844 0.393056
9 0.9208984375 0.7552083333333334 0.01953125 0.026041666666666668
9 0.478515625 0.5950520833333334 0.01953125 0.026041666666666668
9 0.71484375 0.6276041666666666 0.01953125 0.026041666666666668
10 0.4638671875 0.9908854166666666 0.01953125 0.026041666666666668
5 0.4931640625 0.6067708333333334 0.01953125 0.026041666666666668
5 0.7119140625 0.6627604166666666 0.01953125 0.026041666666666668
6 0.486328125 0.9908854166666666 0.01953125 0.026041666666666668
6 0.716796875 0.9869791666666666 0.01953125 0.026041666666666668
7 0.619140625 0.6458333333333334 0.01953125 0.026041666666666668
7 0.6435546875 0.6458333333333334 0.01953125 0.026041666666666668
8 0.6259765625 0.9869791666666666 0.01953125 0.026041666666666668
8 0.6533203125 0.98828125 0.01953125 0.026041666666666668
