1 0.271875 0.576389 0.032812 0.036111
0 0.477344 0.549306 0.479688 0.662500
9 0.799410029498525 0.2109375 0.058997050147492625 0.0390625
10 0.7463126843657817 0.908203125 0.058997050147492625 0.0390625
3 0.20943952802359883 0.203125 0.058997050147492625 0.0390625
4 0.22713864306784662 0.90234375 0.058997050147492625 0.0390625
5 0.7463126843657817 0.248046875 0.058997050147492625 0.0390625
6 0.7020648967551623 0.865234375 0.058997050147492625 0.0390625
7 0.25958702064896755 0.2265625 0.058997050147492625 0.0390625
8 0.2713864306784661 0.869140625 0.058997050147492625 0.0390625
