1 0.664062 0.811806 0.025000 0.034722
0 0.725000 0.654861 0.115625 0.676389
9 0.8349609375 0.12352941176470589 0.01953125 0.029411764705882353
10 0.8486328125 0.9808823529411764 0.01953125 0.029411764705882353
3 0.3173828125 0.07647058823529412 0.01953125 0.029411764705882353
4 0.2978515625 0.9779411764705882 0.01953125 0.029411764705882353
5 0.7890625 0.16029411764705884 0.01953125 0.029411764705882353
6 0.798828125 0.9794117647058823 0.01953125 0.029411764705882353
7 0.6748046875 0.3058823529411765 0.01953125 0.029411764705882353
8 0.6728515625 0.9808823529411764 0.01953125 0.029411764705882353
2 0.83349609375 0.4110294117647059 0.0185546875 0.08088235294117647
2 0.83154296875 1.023529411764706 0.0107421875 0.07058823529411765
