0 0.646875 0.917361 0.165625 0.165278
9 0.7392578125 0.8307291666666666 0.01953125 0.026041666666666668
9 0.552734375 0.82421875 0.01953125 0.026041666666666668
10 0.55078125 0.9869791666666666 0.01953125 0.026041666666666668
10 0.7412109375 0.9908854166666666 0.01953125 0.026041666666666668
5 0.5693359375 0.84765625 0.01953125 0.026041666666666668
5 0.720703125 0.84765625 0.01953125 0.026041666666666668
6 0.7197265625 0.984375 0.01953125 0.026041666666666668
6 0.5703125 0.98828125 0.01953125 0.026041666666666668
7 0.6259765625 0.84375 0.01953125 0.026041666666666668
7 0.6337890625 0.84375 0.01953125 0.026041666666666668
8 0.619140625 0.9908854166666666 0.01953125 0.026041666666666668
8 0.6337890625 0.9908854166666666 0.01953125 0.026041666666666668
