1 0.567969 0.717361 0.067188 0.065278
0 0.636328 0.718750 0.236719 0.395833
1 0.523047 0.716667 0.021094 0.030556
0 0.366797 0.716667 0.238281 0.402778
9 0.2236842105263158 0.48828125 0.06578947368421052 0.0390625
9 0.7697368421052632 0.486328125 0.06578947368421052 0.0390625
10 0.20065789473684212 0.931640625 0.06578947368421052 0.0390625
10 0.8092105263157895 0.931640625 0.06578947368421052 0.0390625
5 0.27960526315789475 0.525390625 0.06578947368421052 0.0390625
5 0.7302631578947368 0.525390625 0.06578947368421052 0.0390625
6 0.26644736842105265 0.9140625 0.06578947368421052 0.0390625
6 0.7401315789473685 0.927734375 0.06578947368421052 0.0390625
7 0.46710526315789475 0.529296875 0.06578947368421052 0.0390625
7 0.5328947368421053 0.525390625 0.06578947368421052 0.0390625
8 0.45394736842105265 0.91015625 0.06578947368421052 0.0390625
8 0.5361842105263158 0.91015625 0.06578947368421052 0.0390625
