1 0.561719 0.700694 0.018750 0.040278
0 0.591406 0.677778 0.079687 0.330556
9 0.6432291666666666 0.5 0.052083333333333336 0.0390625
10 0.6536458333333334 0.861328125 0.052083333333333336 0.0390625
3 0.4895833333333333 0.50390625 0.052083333333333336 0.0390625
4 0.5 0.873046875 0.052083333333333336 0.0390625
5 0.6197916666666666 0.515625 0.052083333333333336 0.0390625
6 0.6276041666666666 0.8515625 0.052083333333333336 0.0390625
7 0.5625 0.51171875 0.052083333333333336 0.0390625
8 0.5651041666666666 0.853515625 0.052083333333333336 0.0390625
