1 0.075391 0.462500 0.030469 0.047222
0 0.062109 0.415278 0.121094 0.586111
1 0.837500 0.751389 0.026563 0.033333
1 0.849219 0.688194 0.037500 0.034722
1 0.860156 0.637500 0.037500 0.041667
1 0.809375 0.588194 0.020312 0.040278
3 0.0341796875 0.01466275659824047 0.01953125 0.02932551319648094
4 0.13671875 0.6730205278592375 0.01953125 0.02932551319648094
5 0.00390625 0.3841642228739003 0.01953125 0.02932551319648094
6 0.076171875 0.7683284457478006 0.01953125 0.02932551319648094
7 0.015625 0.01466275659824047 0.01953125 0.02932551319648094
8 0.1220703125 0.6994134897360704 0.01953125 0.02932551319648094
