1 0.591016 0.614583 0.116406 0.023611
0 0.607813 0.598611 0.184375 0.627778
9 0.720703125 0.2591145833333333 0.01953125 0.026041666666666668
10 0.7236328125 0.9153645833333334 0.01953125 0.026041666666666668
3 0.1806640625 0.24739583333333334 0.01953125 0.026041666666666668
4 0.1923828125 0.9309895833333334 0.01953125 0.026041666666666668
5 0.7001953125 0.28125 0.01953125 0.026041666666666668
6 0.69921875 0.9114583333333334 0.01953125 0.026041666666666668
7 0.517578125 0.2760416666666667 0.01953125 0.026041666666666668
8 0.5244140625 0.9114583333333334 0.01953125 0.026041666666666668
