1 0.363672 0.525000 0.157031 0.027778
0 0.368359 0.509722 0.147656 0.375000
1 0.934375 0.530556 0.025000 0.163889
0 0.975391 0.533333 0.049219 0.505556
0 0.911719 0.519444 0.071875 0.405556
9 0.2802734375 0.30859375 0.01953125 0.026041666666666668
10 0.283203125 0.6953125 0.01953125 0.026041666666666668
3 0.443359375 0.3059895833333333 0.01953125 0.026041666666666668
4 0.4453125 0.6888020833333334 0.01953125 0.026041666666666668
5 0.2958984375 0.3255208333333333 0.01953125 0.026041666666666668
6 0.298828125 0.6744791666666666 0.01953125 0.026041666666666668
7 0.427734375 0.3229166666666667 0.01953125 0.026041666666666668
8 0.4267578125 0.6731770833333334 0.01953125 0.026041666666666668
