0 0.243359 0.493056 0.300781 0.730556
1 0.136719 0.452778 0.042188 0.094444
9 0.4052734375 0.09114583333333333 0.01953125 0.026041666666666668
10 0.4013671875 0.8802083333333334 0.01953125 0.026041666666666668
3 0.0751953125 0.09244791666666667 0.01953125 0.026041666666666668
4 0.08984375 0.8606770833333334 0.01953125 0.026041666666666668
5 0.3876953125 0.125 0.01953125 0.026041666666666668
6 0.3837890625 0.8736979166666666 0.01953125 0.026041666666666668
7 0.0986328125 0.14192708333333334 0.01953125 0.026041666666666668
8 0.126953125 0.8489583333333334 0.01953125 0.026041666666666668
