1 0.619141 0.500000 0.041406 0.033333
0 0.692187 0.506944 0.220313 0.402778
0 0.487109 0.497917 0.150781 0.406944
9 0.8215384615384616 0.25 0.06153846153846154 0.0390625
10 0.8246153846153846 0.703125 0.06153846153846154 0.0390625
3 0.5661538461538461 0.240234375 0.06153846153846154 0.0390625
4 0.5507692307692308 0.7265625 0.06153846153846154 0.0390625
5 0.7723076923076924 0.2890625 0.06153846153846154 0.0390625
6 0.7815384615384615 0.69140625 0.06153846153846154 0.0390625
7 0.6184615384615385 0.306640625 0.06153846153846154 0.0390625
8 0.6184615384615385 0.685546875 0.06153846153846154 0.0390625
