1 0.475781 0.625000 0.032812 0.027778
0 0.560156 0.583333 0.117188 0.636111
0 0.439063 0.582639 0.107813 0.645833
2 0.37744140625 0.3110294117647059 0.0146484375 0.04264705882352941
2 0.3818359375 0.5970588235294118 0.01171875 0.029411764705882353
2 0.380859375 0.8323529411764706 0.0078125 0.03529411764705882
2 0.60986328125 0.3073529411764706 0.0107421875 0.026470588235294117
2 0.61474609375 0.5933823529411765 0.0087890625 0.025
2 0.61376953125 0.8389705882352941 0.0126953125 0.03676470588235294
9 0.61328125 0.23823529411764707 0.01953125 0.029411764705882353
9 0.3720703125 0.22941176470588234 0.01953125 0.029411764705882353
10 0.3720703125 0.9147058823529411 0.01953125 0.029411764705882353
10 0.6201171875 0.9161764705882353 0.01953125 0.029411764705882353
5 0.611328125 0.25588235294117645 0.01953125 0.029411764705882353
5 0.380859375 0.25 0.01953125 0.029411764705882353
6 0.3818359375 0.9147058823529411 0.01953125 0.029411764705882353
6 0.6103515625 0.9176470588235294 0.01953125 0.029411764705882353
7 0.4921875 0.25 0.01953125 0.029411764705882353
7 0.4990234375 0.25 0.01953125 0.029411764705882353
8 0.49609375 0.9176470588235294 0.01953125 0.029411764705882353
8 0.501953125 0.9176470588235294 0.01953125 0.029411764705882353
