1 0.942578 0.726389 0.061719 0.036111
1 0.914062 0.865278 0.068750 0.033333
1 0.893359 0.990972 0.061719 0.018056
0 0.115625 0.385417 0.162500 0.176389
9 0.015625 0.283203125 0.052083333333333336 0.0390625
10 0.015625 0.44140625 0.052083333333333336 0.0390625
3 0.20833333333333334 0.294921875 0.052083333333333336 0.0390625
4 0.21354166666666666 0.47265625 0.052083333333333336 0.0390625
5 0.041666666666666664 0.30859375 0.052083333333333336 0.0390625
6 0.052083333333333336 0.453125 0.052083333333333336 0.0390625
7 0.19010416666666666 0.3203125 0.052083333333333336 0.0390625
8 0.171875 0.46875 0.052083333333333336 0.0390625
