1 0.385938 0.431944 0.017188 0.072222
1 0.637891 0.475694 0.017969 0.148611
1 0.632812 0.616667 0.018750 0.105556
0 0.937109 0.570139 0.125781 0.504167
9 0.9912109375 0.3072916666666667 0.01953125 0.026041666666666668
3 0.8701171875 0.296875 0.01953125 0.026041666666666668
4 0.8466796875 0.81640625 0.01953125 0.026041666666666668
5 0.98828125 0.3385416666666667 0.01953125 0.026041666666666668
6 0.98828125 0.8255208333333334 0.01953125 0.026041666666666668
7 0.8837890625 0.3229166666666667 0.01953125 0.026041666666666668
8 0.8662109375 0.8072916666666666 0.01953125 0.026041666666666668
