1 0.847266 0.544444 0.035156 0.030556
1 0.855859 0.706944 0.042969 0.044444
1 0.855859 0.880556 0.047656 0.066667
1 0.762891 0.825000 0.042969 0.038889
1 0.761719 0.688194 0.034375 0.029167
1 0.760156 0.563889 0.037500 0.033333
1 0.618359 0.645833 0.086719 0.038889
1 0.616016 0.811806 0.077344 0.043056
1 0.061719 0.256250 0.028125 0.059722
1 0.431641 0.810417 0.132031 0.037500
0 0.096484 0.506250 0.160156 0.987500
5 0.173828125 0.015625 0.01953125 0.026041666666666668
6 0.1767578125 0.9830729166666666 0.01953125 0.026041666666666668
7 0.0419921875 0.010416666666666666 0.01953125 0.026041666666666668
8 0.0361328125 0.9856770833333334 0.01953125 0.026041666666666668
