0 0.158984 0.538194 0.055469 0.473611
0 0.020312 0.558333 0.034375 0.719444
9 0.0380859375 0.20052083333333334 0.01953125 0.026041666666666668
10 0.033203125 0.9348958333333334 0.01953125 0.026041666666666668
5 0.0263671875 0.21614583333333334 0.01953125 0.026041666666666668
6 0.0234375 0.9361979166666667 0.01953125 0.026041666666666668
2 0.03369140625 0.29036458333333337 0.0107421875 0.052083333333333336
2 0.0302734375 0.5787760416666667 0.013671875 0.045572916666666664
3 0.0029296875 0.16536458333333334 0.01953125 0.026041666666666668
7 0.0029296875 0.20182291666666669 0.01953125 0.026041666666666668
8 0.0048828125 0.94921875 0.01953125 0.026041666666666668
9 0.1943359375 0.3450520833333333 0.01953125 0.026041666666666668
10 0.193359375 0.7864583333333334 0.01953125 0.026041666666666668
3 0.1337890625 0.29296875 0.01953125 0.026041666666666668
4 0.130859375 0.8268229166666667 0.01953125 0.026041666666666668
5 0.1865234375 0.3567708333333333 0.01953125 0.026041666666666668
6 0.1826171875 0.7838541666666667 0.01953125 0.026041666666666668
7 0.142578125 0.31901041666666663 0.01953125 0.026041666666666668
8 0.142578125 0.8098958333333334 0.01953125 0.026041666666666668
