1 0.781250 0.519444 0.020312 0.152778
1 0.907422 0.646528 0.185156 0.045833
0 0.888281 0.538194 0.223438 0.793056
9 0.9931640625 0.10026041666666667 0.01953125 0.026041666666666668
3 0.765625 0.12630208333333334 0.01953125 0.026041666666666668
4 0.755859375 0.890625 0.01953125 0.026041666666666668
5 0.9931640625 0.11979166666666667 0.01953125 0.026041666666666668
6 0.9931640625 0.9544270833333334 0.01953125 0.026041666666666668
7 0.77734375 0.15104166666666666 0.01953125 0.026041666666666668
8 0.77734375 0.90234375 0.01953125 0.026041666666666668
