1 0.464844 0.860417 0.053125 0.012500
1 0.467187 0.915972 0.054688 0.020833
1 0.317187 0.930556 0.056250 0.027778
1 0.316797 0.872917 0.050781 0.012500
0 0.089062 0.314583 0.062500 0.193056
9 0.1298828125 0.21223958333333334 0.01953125 0.026041666666666668
10 0.1328125 0.3919270833333333 0.01953125 0.026041666666666668
3 0.041015625 0.20182291666666666 0.01953125 0.026041666666666668
4 0.046875 0.3984375 0.01953125 0.026041666666666668
5 0.111328125 0.22395833333333334 0.01953125 0.026041666666666668
6 0.111328125 0.38671875 0.01953125 0.026041666666666668
7 0.0625 0.2265625 0.01953125 0.026041666666666668
8 0.068359375 0.3932291666666667 0.01953125 0.026041666666666668
