1 0.378906 0.591667 0.323438 0.475000
1 0.829297 0.677083 0.149219 0.204167
0 0.781641 0.505556 0.436719 0.988889
0 0.279687 0.504861 0.550000 0.990278
9 0.9765395894428153 0.015625 0.05865102639296188 0.0390625
5 0.9325513196480938 0.009765625 0.05865102639296188 0.0390625
5 0.01466275659824047 0.015625 0.05865102639296188 0.0390625
6 0.02052785923753666 0.9921875 0.05865102639296188 0.0390625
6 0.9736070381231672 0.98828125 0.05865102639296188 0.0390625
7 0.5249266862170088 0.015625 0.05865102639296188 0.0390625
7 0.5689149560117301 0.017578125 0.05865102639296188 0.0390625
8 0.5689149560117301 0.98046875 0.05865102639296188 0.0390625
8 0.6099706744868035 0.98046875 0.05865102639296188 0.0390625
