1 0.819922 0.754167 0.063281 0.022222
1 0.728516 0.358333 0.117969 0.025000
1 0.730469 0.272917 0.118750 0.020833
1 0.299219 0.400000 0.059375 0.016667
1 0.299219 0.444444 0.053125 0.022222
1 0.207813 0.418056 0.012500 0.016667
1 0.208203 0.450000 0.013281 0.013889
1 0.207031 0.503472 0.014062 0.020833
1 0.074609 0.506944 0.053906 0.030556
0 0.082031 0.390972 0.068750 0.651389
1 0.980078 0.483333 0.039844 0.027778
1 0.982422 0.538889 0.035156 0.025000
5 0.1029082774049217 0.080078125 0.0447427293064877 0.0390625
6 0.10067114093959731 0.703125 0.0447427293064877 0.0390625
7 0.042505592841163314 0.01953125 0.0447427293064877 0.0390625
8 0.04697986577181208 0.697265625 0.0447427293064877 0.0390625
