1 0.490234 0.476389 0.044531 0.036111
0 0.562109 0.345833 0.258594 0.638889
1 0.731641 0.709028 0.032031 0.040278
1 0.731641 0.775694 0.035156 0.045833
1 0.733984 0.839583 0.033594 0.048611
1 0.331250 0.547222 0.229687 0.019444
1 0.338281 0.592361 0.225000 0.009722
1 0.349219 0.644444 0.218750 0.013889
2 0.69921875 0.11328125 0.028645833333333332 0.04296875
2 0.7109375 0.3046875 0.03125 0.04296875
2 0.7174479166666666 0.47265625 0.0234375 0.03125
9 0.6901041666666666 0.01171875 0.052083333333333336 0.0390625
10 0.7213541666666666 0.5390625 0.052083333333333336 0.0390625
3 0.4010416666666667 0.013671875 0.052083333333333336 0.0390625
5 0.6432291666666666 0.0390625 0.052083333333333336 0.0390625
6 0.671875 0.587890625 0.052083333333333336 0.0390625
7 0.4296875 0.04296875 0.052083333333333336 0.0390625
8 0.4973958333333333 0.654296875 0.052083333333333336 0.0390625
