1 0.521094 0.727778 0.028125 0.033333
1 0.570703 0.738889 0.032031 0.041667
0 0.083203 0.473611 0.150781 0.850000
9 0.1328125 0.017578125 0.052083333333333336 0.0390625
10 0.18229166666666666 0.94921875 0.052083333333333336 0.0390625
3 0.018229166666666668 0.017578125 0.052083333333333336 0.0390625
5 0.1015625 0.05078125 0.052083333333333336 0.0390625
6 0.13802083333333334 0.89453125 0.052083333333333336 0.0390625
7 0.0234375 0.060546875 0.052083333333333336 0.0390625
8 0.0234375 0.86328125 0.052083333333333336 0.0390625
