0 0.212500 0.568750 0.059375 0.198611
1 0.701953 0.826389 0.017969 0.027778
1 0.700000 0.888194 0.017188 0.043056
2 0.18505859375 0.5007102272727273 0.0048828125 0.015625
2 0.189453125 0.5823863636363636 0.0078125 0.014204545454545454
2 0.1865234375 0.6633522727272728 0.005859375 0.011363636363636364
9 0.1767578125 0.4602272727272727 0.01953125 0.028409090909090908
10 0.1748046875 0.65625 0.01953125 0.028409090909090908
3 0.24609375 0.4588068181818182 0.01953125 0.028409090909090908
4 0.2490234375 0.5965909090909091 0.01953125 0.028409090909090908
5 0.1884765625 0.4772727272727273 0.01953125 0.028409090909090908
6 0.1923828125 0.6619318181818182 0.01953125 0.028409090909090908
7 0.23828125 0.484375 0.01953125 0.028409090909090908
8 0.2373046875 0.5951704545454546 0.01953125 0.028409090909090908
