0 0.912109 0.748611 0.139844 0.502778
0 0.708203 0.729861 0.164844 0.540278
1 0.778125 0.797917 0.029687 0.090278
1 0.847266 0.791667 0.016406 0.072222
9 0.6025390625 0.53515625 0.01953125 0.026041666666666668
9 0.9873046875 0.4661458333333333 0.01953125 0.026041666666666668
10 0.9970703125 0.9869791666666666 0.01953125 0.026041666666666668
10 0.611328125 0.984375 0.01953125 0.026041666666666668
3 0.8017578125 0.44921875 0.01953125 0.026041666666666668
3 0.81640625 0.4505208333333333 0.01953125 0.026041666666666668
4 0.8046875 0.98828125 0.01953125 0.026041666666666668
4 0.8349609375 0.98828125 0.01953125 0.026041666666666668
5 0.62890625 0.4544270833333333 0.01953125 0.026041666666666668
5 0.9560546875 0.4674479166666667 0.01953125 0.026041666666666668
6 0.630859375 0.9791666666666666 0.01953125 0.026041666666666668
6 0.9658203125 0.9817708333333334 0.01953125 0.026041666666666668
7 0.779296875 0.4557291666666667 0.01953125 0.026041666666666668
7 0.8447265625 0.4622395833333333 0.01953125 0.026041666666666668
8 0.7822265625 0.9830729166666666 0.01953125 0.026041666666666668
8 0.853515625 0.984375 0.01953125 0.026041666666666668
2 0.99365234375 0.9759114583333334 0.0126953125 0.05859375
2 0.99658203125 0.7766927083333334 0.0166015625 0.05859375
