0 0.889063 0.576389 0.045313 0.611111
0 0.529297 0.485417 0.061719 0.348611
9 0.927734375 0.27734375 0.01953125 0.026041666666666668
10 0.912109375 0.8177083333333334 0.01953125 0.026041666666666668
10 0.4814453125 0.7096354166666666 0.01953125 0.026041666666666668
9 0.4716796875 0.3151041666666667 0.01953125 0.026041666666666668
5 0.5009765625 0.3255208333333333 0.01953125 0.026041666666666668
5 0.9130859375 0.2903645833333333 0.01953125 0.026041666666666668
6 0.505859375 0.6953125 0.01953125 0.026041666666666668
6 0.8955078125 0.8216145833333334 0.01953125 0.026041666666666668
7 0.8857421875 0.2760416666666667 0.01953125 0.026041666666666668
7 0.5634765625 0.3333333333333333 0.01953125 0.026041666666666668
8 0.5595703125 0.67578125 0.01953125 0.026041666666666668
8 0.8671875 0.8619791666666666 0.01953125 0.026041666666666668
