0 0.457031 0.525694 0.229687 0.690278
0 0.216016 0.520833 0.208594 0.688889
9 0.0869140625 0.13020833333333334 0.01953125 0.026041666666666668
9 0.583984375 0.13541666666666666 0.01953125 0.026041666666666668
10 0.0712890625 0.8723958333333334 0.01953125 0.026041666666666668
10 0.59375 0.8736979166666666 0.01953125 0.026041666666666668
5 0.1162109375 0.17447916666666666 0.01953125 0.026041666666666668
5 0.5673828125 0.18619791666666666 0.01953125 0.026041666666666668
6 0.107421875 0.8619791666666666 0.01953125 0.026041666666666668
6 0.572265625 0.8619791666666666 0.01953125 0.026041666666666668
7 0.322265625 0.17838541666666666 0.01953125 0.026041666666666668
7 0.3388671875 0.17838541666666666 0.01953125 0.026041666666666668
8 0.31640625 0.8619791666666666 0.01953125 0.026041666666666668
8 0.3408203125 0.8619791666666666 0.01953125 0.026041666666666668
