1 0.613281 0.397917 0.015625 0.065278
0 0.567187 0.397917 0.107813 0.470833
0 0.092969 0.437500 0.129688 0.633333
0 0.208984 0.434028 0.114844 0.601389
0 0.307422 0.407639 0.097656 0.545833
2 0.51708984375 0.22569444444444445 0.0087890625 0.034722222222222224
2 0.51611328125 0.3229166666666667 0.0068359375 0.034722222222222224
2 0.52099609375 0.4296875 0.0087890625 0.036458333333333336
2 0.52294921875 0.5364583333333334 0.0087890625 0.03819444444444445
2 0.5224609375 0.6241319444444444 0.0078125 0.03298611111111111
2 0.3525390625 0.20225694444444445 0.01171875 0.036458333333333336
2 0.35888671875 0.4322916666666667 0.0087890625 0.03125
2 0.3671875 0.671875 0.009765625 0.027777777777777776
2 0.26025390625 0.19270833333333334 0.0087890625 0.03125
2 0.2734375 0.4565972222222222 0.01171875 0.03819444444444445
2 0.2861328125 0.7126736111111112 0.01171875 0.03298611111111111
2 0.03369140625 0.1796875 0.0146484375 0.043402777777777776
2 0.0556640625 0.4930555555555555 0.015625 0.034722222222222224
2 0.0751953125 0.8255208333333333 0.013671875 0.043402777777777776
9 0.009765625 0.08680555555555555 0.01953125 0.034722222222222224
9 0.2509765625 0.11458333333333333 0.01953125 0.034722222222222224
9 0.3447265625 0.13368055555555555 0.01953125 0.034722222222222224
9 0.51953125 0.11805555555555555 0.01953125 0.034722222222222224
10 0.3642578125 0.6788194444444444 0.01953125 0.034722222222222224
10 0.2783203125 0.7256944444444444 0.01953125 0.034722222222222224
3 0.4169921875 0.109375 0.01953125 0.034722222222222224
3 0.2587890625 0.12152777777777778 0.01953125 0.034722222222222224
4 0.287109375 0.7204861111111112 0.01953125 0.034722222222222224
4 0.427734375 0.6684027777777778 0.01953125 0.034722222222222224
10 0.05859375 0.8107638888888888 0.01953125 0.034722222222222224
5 0.5166015625 0.1684027777777778 0.01953125 0.034722222222222224
5 0.337890625 0.14930555555555555 0.01953125 0.034722222222222224
5 0.244140625 0.140625 0.01953125 0.034722222222222224
5 0.0224609375 0.1076388888888889 0.01953125 0.034722222222222224
6 0.26953125 0.7083333333333334 0.01953125 0.034722222222222224
6 0.0732421875 0.7986111111111112 0.01953125 0.034722222222222224
6 0.3544921875 0.6649305555555556 0.01953125 0.034722222222222224
6 0.521484375 0.6197916666666666 0.01953125 0.034722222222222224
7 0.61328125 0.16493055555555555 0.01953125 0.034722222222222224
7 0.265625 0.1423611111111111 0.01953125 0.034722222222222224
7 0.1396484375 0.12152777777777778 0.01953125 0.034722222222222224
7 0.15234375 0.12152777777777778 0.01953125 0.034722222222222224
8 0.1748046875 0.75 0.01953125 0.034722222222222224
8 0.1875 0.7447916666666666 0.01953125 0.034722222222222224
8 0.287109375 0.7013888888888888 0.01953125 0.034722222222222224
8 0.615234375 0.6111111111111112 0.01953125 0.034722222222222224
