0 0.580078 0.869444 0.069531 0.219444
0 0.660937 0.861806 0.075000 0.195833
9 0.7088235294117647 0.75390625 0.058823529411764705 0.0390625
9 0.5441176470588235 0.744140625 0.058823529411764705 0.0390625
10 0.5147058823529411 0.962890625 0.058823529411764705 0.0390625
10 0.7058823529411765 0.953125 0.058823529411764705 0.0390625
5 0.5617647058823529 0.76171875 0.058823529411764705 0.0390625
5 0.6852941176470588 0.76953125 0.058823529411764705 0.0390625
6 0.55 0.958984375 0.058823529411764705 0.0390625
6 0.6705882352941176 0.951171875 0.058823529411764705 0.0390625
7 0.6205882352941177 0.76171875 0.058823529411764705 0.0390625
7 0.638235294117647 0.763671875 0.058823529411764705 0.0390625
8 0.6088235294117647 0.958984375 0.058823529411764705 0.0390625
8 0.6264705882352941 0.958984375 0.058823529411764705 0.0390625
