0 0.484375 0.680556 0.039062 0.205556
0 0.523047 0.689583 0.039844 0.209722
9 0.458984375 0.5737226277372263 0.01953125 0.029197080291970802
9 0.5400390625 0.5751824817518248 0.01953125 0.029197080291970802
10 0.458984375 0.7854014598540145 0.01953125 0.029197080291970802
10 0.5419921875 0.7868613138686131 0.01953125 0.029197080291970802
2 0.46044921875 0.6394160583941606 0.0048828125 0.02335766423357664
2 0.4609375 0.7051094890510948 0.00390625 0.014598540145985401
2 0.54248046875 0.6452554744525547 0.0048828125 0.014598540145985401
2 0.54150390625 0.7051094890510948 0.0048828125 0.014598540145985401
2 0.541015625 0.762043795620438 0.00390625 0.014598540145985401
2 0.4599609375 0.7693430656934306 0.00390625 0.020437956204379562
5 0.4599609375 0.5751824817518248 0.01953125 0.029197080291970802
5 0.541015625 0.5766423357664233 0.01953125 0.029197080291970802
6 0.4599609375 0.7883211678832117 0.01953125 0.029197080291970802
6 0.5419921875 0.7868613138686131 0.01953125 0.029197080291970802
7 0.5 0.5766423357664233 0.01953125 0.029197080291970802
7 0.5009765625 0.5781021897810219 0.01953125 0.029197080291970802
8 0.498046875 0.7883211678832117 0.01953125 0.029197080291970802
8 0.5 0.7883211678832117 0.01953125 0.029197080291970802
