0 0.375781 0.538889 0.221875 0.719444
0 0.612500 0.552083 0.187500 0.668056
1 0.464453 0.580556 0.041406 0.091667
1 0.530469 0.588194 0.050000 0.093056
9 0.7265625 0.1698389458272328 0.01953125 0.029282576866764276
9 0.2626953125 0.17276720351390923 0.01953125 0.029282576866764276
10 0.26171875 0.9019033674963397 0.01953125 0.029282576866764276
10 0.7177734375 0.8975109809663251 0.01953125 0.029282576866764276
5 0.70703125 0.17130307467057102 0.01953125 0.029282576866764276
5 0.2744140625 0.17569546120058566 0.01953125 0.029282576866764276
6 0.267578125 0.8931185944363105 0.01953125 0.029282576866764276
6 0.7041015625 0.8931185944363105 0.01953125 0.029282576866764276
7 0.4794921875 0.16691068814055637 0.01953125 0.029282576866764276
7 0.5185546875 0.2108345534407028 0.01953125 0.029282576866764276
8 0.482421875 0.8960468521229867 0.01953125 0.029282576866764276
8 0.521484375 0.8521229868228404 0.01953125 0.029282576866764276
