1 0.849219 0.711111 0.057813 0.036111
1 0.896094 0.740972 0.018750 0.045833
1 0.835156 0.639583 0.040625 0.029167
0 0.962891 0.643750 0.074219 0.712500
0 0.803516 0.655556 0.102344 0.658333
5 0.7570332480818415 0.2890625 0.05115089514066496 0.0390625
5 0.989769820971867 0.234375 0.05115089514066496 0.0390625
7 0.8695652173913043 0.25390625 0.05115089514066496 0.0390625
7 0.9181585677749361 0.25390625 0.05115089514066496 0.0390625
8 0.8337595907928389 0.9921875 0.05115089514066496 0.0390625
8 0.8823529411764706 0.984375 0.05115089514066496 0.0390625
6 0.7570332480818415 0.96875 0.05115089514066496 0.0390625
6 0.969309462915601 0.984375 0.05115089514066496 0.0390625
