0 0.214453 0.515972 0.074219 0.251389
0 0.275000 0.522222 0.068750 0.241667
9 0.3154296875 0.3876177658142665 0.01953125 0.026917900403768506
9 0.146484375 0.38896366083445494 0.01953125 0.026917900403768506
10 0.1474609375 0.6433378196500673 0.01953125 0.026917900403768506
10 0.310546875 0.6527590847913862 0.01953125 0.026917900403768506
5 0.18359375 0.3997308209959623 0.01953125 0.026917900403768506
5 0.29296875 0.3997308209959623 0.01953125 0.026917900403768506
7 0.234375 0.39703903095558546 0.01953125 0.026917900403768506
7 0.2529296875 0.39703903095558546 0.01953125 0.026917900403768506
8 0.2353515625 0.639300134589502 0.01953125 0.026917900403768506
8 0.251953125 0.6352624495289367 0.01953125 0.026917900403768506
6 0.1796875 0.6366083445491252 0.01953125 0.026917900403768506
6 0.291015625 0.6366083445491252 0.01953125 0.026917900403768506
