0 0.430469 0.856250 0.071875 0.154167
0 0.502734 0.861806 0.063281 0.148611
9 0.3958333333333333 0.779296875 0.052083333333333336 0.0390625
9 0.53125 0.775390625 0.052083333333333336 0.0390625
10 0.3802083333333333 0.95703125 0.052083333333333336 0.0390625
10 0.5494791666666666 0.943359375 0.052083333333333336 0.0390625
5 0.4088541666666667 0.787109375 0.052083333333333336 0.0390625
5 0.5208333333333334 0.7890625 0.052083333333333336 0.0390625
6 0.4088541666666667 0.943359375 0.052083333333333336 0.0390625
6 0.5286458333333334 0.939453125 0.052083333333333336 0.0390625
7 0.4505208333333333 0.783203125 0.052083333333333336 0.0390625
7 0.4791666666666667 0.783203125 0.052083333333333336 0.0390625
8 0.4557291666666667 0.94140625 0.052083333333333336 0.0390625
8 0.4739583333333333 0.939453125 0.052083333333333336 0.0390625
