1 0.463672 0.816667 0.022656 0.063889
1 0.492188 0.822917 0.020312 0.070833
0 0.537109 0.807639 0.088281 0.384722
0 0.442969 0.804167 0.076563 0.355556
9 0.3955078125 0.59765625 0.01953125 0.026041666666666668
9 0.595703125 0.5716145833333334 0.01953125 0.026041666666666668
9 0.595703125 0.5716145833333334 0.01953125 0.026041666666666668
10 0.3759765625 0.9934895833333334 0.01953125 0.026041666666666668
10 0.5927734375 0.9895833333333334 0.01953125 0.026041666666666668
2 0.3974609375 0.6575520833333333 0.005859375 0.020833333333333332
2 0.3935546875 0.751953125 0.009765625 0.024739583333333332
2 0.39111328125 0.849609375 0.0087890625 0.022135416666666668
2 0.38525390625 0.951171875 0.0048828125 0.02734375
5 0.4033203125 0.6171875 0.01953125 0.026041666666666668
5 0.5869140625 0.59765625 0.01953125 0.026041666666666668
6 0.390625 0.984375 0.01953125 0.026041666666666668
6 0.5810546875 0.9934895833333334 0.01953125 0.026041666666666668
7 0.4833984375 0.60546875 0.01953125 0.026041666666666668
7 0.4921875 0.60546875 0.01953125 0.026041666666666668
8 0.470703125 0.9921875 0.01953125 0.026041666666666668
8 0.4833984375 0.9908854166666667 0.01953125 0.026041666666666668
