0 0.385156 0.594444 0.348437 0.613889
1 0.546875 0.532639 0.025000 0.054167
9 0.17901234567901234 0.26171875 0.06172839506172839 0.0390625
10 0.16666666666666666 0.91015625 0.06172839506172839 0.0390625
3 0.5771604938271605 0.267578125 0.06172839506172839 0.0390625
4 0.5864197530864198 0.912109375 0.06172839506172839 0.0390625
5 0.20987654320987653 0.2890625 0.06172839506172839 0.0390625
6 0.21604938271604937 0.8984375 0.06172839506172839 0.0390625
7 0.5462962962962963 0.28125 0.06172839506172839 0.0390625
8 0.5617283950617284 0.912109375 0.06172839506172839 0.0390625
