0 0.709375 0.447917 0.118750 0.851389
0 0.294141 0.452778 0.071094 0.877778
0 0.330469 0.888194 0.001563 0.001389
1 0.235156 0.499306 0.020312 0.104167
5 0.330078125 0.008849557522123894 0.01953125 0.029498525073746312
5 0.65234375 0.014749262536873156 0.01953125 0.029498525073746312
6 0.31640625 0.8820058997050148 0.01953125 0.029498525073746312
6 0.619140625 0.8480825958702065 0.01953125 0.029498525073746312
7 0.2294921875 0.0058997050147492625 0.01953125 0.029498525073746312
7 0.80078125 0.016224188790560472 0.01953125 0.029498525073746312
8 0.224609375 0.967551622418879 0.01953125 0.029498525073746312
8 0.748046875 0.8893805309734514 0.01953125 0.029498525073746312
