0 0.565234 0.539583 0.042969 0.534722
0 0.250781 0.506944 0.201562 0.472222
1 0.879297 0.598611 0.028906 0.033333
0 0.766016 0.572917 0.263281 0.581944
0 0.458984 0.484722 0.036719 0.202778
9 0.1376953125 0.25390625 0.01953125 0.026041666666666668
10 0.1484375 0.74609375 0.01953125 0.026041666666666668
9 0.55078125 0.24609375 0.01953125 0.026041666666666668
5 0.15234375 0.2643229166666667 0.01953125 0.026041666666666668
6 0.1630859375 0.7395833333333334 0.01953125 0.026041666666666668
7 0.3447265625 0.27734375 0.01953125 0.026041666666666668
8 0.3486328125 0.7291666666666666 0.01953125 0.026041666666666668
5 0.5478515625 0.2708333333333333 0.01953125 0.026041666666666668
6 0.544921875 0.7434895833333334 0.01953125 0.026041666666666668
7 0.5849609375 0.21875 0.01953125 0.026041666666666668
8 0.5810546875 0.8125 0.01953125 0.026041666666666668
5 0.6142578125 0.23958333333333334 0.01953125 0.026041666666666668
6 0.6123046875 0.8489583333333334 0.01953125 0.026041666666666668
7 0.8916015625 0.2838541666666667 0.01953125 0.026041666666666668
8 0.8916015625 0.8619791666666666 0.01953125 0.026041666666666668
5 0.4404296875 0.3802083333333333 0.01953125 0.026041666666666668
6 0.4423828125 0.578125 0.01953125 0.026041666666666668
7 0.4765625 0.3802083333333333 0.01953125 0.026041666666666668
8 0.47265625 0.57421875 0.01953125 0.026041666666666668
