1 0.367578 0.634028 0.030469 0.051389
0 0.351172 0.650694 0.091406 0.373611
9 0.2697947214076246 0.431640625 0.05865102639296188 0.0390625
10 0.26099706744868034 0.8984375 0.05865102639296188 0.0390625
3 0.7859237536656891 0.423828125 0.05865102639296188 0.0390625
4 0.7712609970674487 0.892578125 0.05865102639296188 0.0390625
5 0.31671554252199413 0.466796875 0.05865102639296188 0.0390625
6 0.31378299120234604 0.857421875 0.05865102639296188 0.0390625
7 0.36363636363636365 0.4765625 0.05865102639296188 0.0390625
8 0.36950146627565983 0.783203125 0.05865102639296188 0.0390625
