1 0.682813 0.545139 0.023438 0.031944
0 0.658594 0.573611 0.092188 0.391667
0 0.325000 0.568750 0.200000 0.401389
9 0.2 0.35546875 0.04597701149425287 0.0390625
10 0.21379310344827587 0.7734375 0.04597701149425287 0.0390625
5 0.22528735632183908 0.37109375 0.04597701149425287 0.0390625
5 0.6022988505747127 0.376953125 0.04597701149425287 0.0390625
6 0.24367816091954023 0.765625 0.04597701149425287 0.0390625
6 0.6344827586206897 0.73046875 0.04597701149425287 0.0390625
7 0.40229885057471265 0.369140625 0.04597701149425287 0.0390625
7 0.6781609195402298 0.345703125 0.04597701149425287 0.0390625
8 0.42528735632183906 0.7421875 0.04597701149425287 0.0390625
8 0.6942528735632184 0.75 0.04597701149425287 0.0390625
