1 0.287891 0.553472 0.061719 0.056944
1 0.742578 0.548611 0.080469 0.063889
0 0.259375 0.504167 0.304688 0.794444
0 0.720703 0.501389 0.322656 0.861111
9 0.011730205278592375 0.01171875 0.05865102639296188 0.0390625
9 0.9794721407624634 0.013671875 0.05865102639296188 0.0390625
10 0.15835777126099707 0.962890625 0.05865102639296188 0.0390625
10 0.9765395894428153 0.98828125 0.05865102639296188 0.0390625
5 0.02052785923753666 0.05078125 0.05865102639296188 0.0390625
5 0.9296187683284457 0.015625 0.05865102639296188 0.0390625
6 0.22580645161290322 0.9375 0.05865102639296188 0.0390625
6 0.9296187683284457 0.96875 0.05865102639296188 0.0390625
7 0.46627565982404695 0.0390625 0.05865102639296188 0.0390625
7 0.39296187683284456 0.046875 0.05865102639296188 0.0390625
8 0.501466275659824 0.94921875 0.05865102639296188 0.0390625
8 0.5777126099706744 0.94921875 0.05865102639296188 0.0390625
