0 0.467187 0.611111 0.439063 0.563889
1 0.674219 0.618056 0.025000 0.027778
9 0.22058823529411764 0.3203125 0.058823529411764705 0.0390625
10 0.2088235294117647 0.892578125 0.058823529411764705 0.0390625
3 0.7088235294117647 0.318359375 0.058823529411764705 0.0390625
4 0.7176470588235294 0.88671875 0.058823529411764705 0.0390625
5 0.2676470588235294 0.34375 0.058823529411764705 0.0390625
6 0.27058823529411763 0.875 0.058823529411764705 0.0390625
7 0.6617647058823529 0.3515625 0.058823529411764705 0.0390625
8 0.6558823529411765 0.873046875 0.058823529411764705 0.0390625
