0 0.391016 0.187500 0.200781 0.361111
0 0.606641 0.204861 0.216406 0.376389
9 0.259765625 0.006944444444444446 0.01953125 0.034722222222222224
9 0.73828125 0.01215277777777778 0.01953125 0.034722222222222224
10 0.28125 0.3645833333333333 0.01953125 0.034722222222222224
10 0.720703125 0.3958333333333333 0.01953125 0.034722222222222224
5 0.2763671875 0.019097222222222224 0.01953125 0.034722222222222224
5 0.72265625 0.006944444444444446 0.01953125 0.034722222222222224
6 0.3017578125 0.3454861111111111 0.01953125 0.034722222222222224
6 0.703125 0.3767361111111111 0.01953125 0.034722222222222224
7 0.490234375 0.006944444444444446 0.01953125 0.034722222222222224
7 0.5 0.0034722222222222238 0.01953125 0.034722222222222224
8 0.490234375 0.3697916666666667 0.01953125 0.034722222222222224
8 0.5078125 0.3628472222222222 0.01953125 0.034722222222222224
