0 0.146484 0.465972 0.166406 0.601389
1 0.140234 0.515972 0.147656 0.048611
9 0.2333984375 0.1484375 0.01953125 0.026041666666666668
10 0.232421875 0.7747395833333334 0.01953125 0.026041666666666668
3 0.044921875 0.14192708333333334 0.01953125 0.026041666666666668
4 0.05078125 0.7734375 0.01953125 0.026041666666666668
5 0.21484375 0.16015625 0.01953125 0.026041666666666668
6 0.2158203125 0.7565104166666666 0.01953125 0.026041666666666668
7 0.0576171875 0.16666666666666666 0.01953125 0.026041666666666668
8 0.0673828125 0.7591145833333334 0.01953125 0.026041666666666668
