0 0.732813 0.665972 0.092188 0.326389
1 0.762109 0.683333 0.042969 0.227778
9 0.6832844574780058 0.509765625 0.05865102639296188 0.0390625
10 0.7126099706744867 0.810546875 0.05865102639296188 0.0390625
3 0.5747800586510263 0.501953125 0.05865102639296188 0.0390625
4 0.5982404692082112 0.82421875 0.05865102639296188 0.0390625
5 0.6832844574780058 0.51171875 0.05865102639296188 0.0390625
6 0.7155425219941348 0.81640625 0.05865102639296188 0.0390625
7 0.7565982404692082 0.498046875 0.05865102639296188 0.0390625
8 0.7947214076246334 0.82421875 0.05865102639296188 0.0390625
