0 0.232031 0.525694 0.046875 0.676389
0 0.898828 0.512500 0.025781 0.405556
9 0.267578125 0.1765498652291105 0.01953125 0.026954177897574125
9 0.9169921875 0.3005390835579515 0.01953125 0.026954177897574125
10 0.9150390625 0.7277628032345014 0.01953125 0.026954177897574125
10 0.2509765625 0.8611859838274932 0.01953125 0.026954177897574125
3 0.1953125 0.1752021563342318 0.01953125 0.026954177897574125
3 0.88671875 0.29649595687331537 0.01953125 0.026954177897574125
4 0.197265625 0.876010781671159 0.01953125 0.026954177897574125
4 0.8720703125 0.6967654986522911 0.01953125 0.026954177897574125
5 0.9052734375 0.30997304582210244 0.01953125 0.026954177897574125
5 0.248046875 0.1967654986522911 0.01953125 0.026954177897574125
6 0.234375 0.8544474393530997 0.01953125 0.026954177897574125
6 0.89453125 0.7196765498652291 0.01953125 0.026954177897574125
7 0.89453125 0.31536388140161725 0.01953125 0.026954177897574125
7 0.2119140625 0.192722371967655 0.01953125 0.026954177897574125
8 0.208984375 0.8409703504043127 0.01953125 0.026954177897574125
8 0.8876953125 0.6873315363881402 0.01953125 0.026954177897574125
