0 0.466016 0.504167 0.169531 0.483333
0 0.637891 0.486111 0.167969 0.466667
9 0.3764705882352941 0.537109375 0.058823529411764705 0.0390625
9 0.7176470588235294 0.521484375 0.058823529411764705 0.0390625
10 0.37058823529411766 0.73828125 0.058823529411764705 0.0390625
10 0.7382352941176471 0.71875 0.058823529411764705 0.0390625
5 0.39705882352941174 0.552734375 0.058823529411764705 0.0390625
6 0.5205882352941177 0.544921875 0.058823529411764705 0.0390625
7 0.39705882352941174 0.708984375 0.058823529411764705 0.0390625
8 0.5294117647058824 0.708984375 0.058823529411764705 0.0390625
5 0.7058823529411765 0.55078125 0.058823529411764705 0.0390625
6 0.7088235294117647 0.6875 0.058823529411764705 0.0390625
7 0.6852941176470588 0.560546875 0.058823529411764705 0.0390625
8 0.6852941176470588 0.6875 0.058823529411764705 0.0390625
