1 0.872656 0.481250 0.018750 0.215278
1 0.911328 0.499306 0.024219 0.237500
0 0.965625 0.544444 0.068750 0.911111
9 0.9912109375 0.01908957415565345 0.01953125 0.02936857562408223
5 0.9951171875 0.07048458149779736 0.01953125 0.02936857562408223
6 0.98828125 0.9809104258443465 0.01953125 0.02936857562408223
7 0.9384765625 0.05433186490455213 0.01953125 0.02936857562408223
8 0.837890625 0.9720998531571219 0.01953125 0.02936857562408223
7 0.912109375 0.049926578560939794 0.01953125 0.02936857562408223
8 0.8115234375 0.9823788546255506 0.01953125 0.02936857562408223
5 0.677734375 0.011747430249632892 0.01953125 0.02936857562408223
6 0.671875 0.04698972099853157 0.01953125 0.02936857562408223
9 0.6533203125 0.00881057268722467 0.01953125 0.02936857562408223
10 0.6513671875 0.06754772393538913 0.01953125 0.02936857562408223
