0 0.099609 0.487500 0.119531 0.436111
9 0.020833333333333332 0.259765625 0.052083333333333336 0.0390625
9 0.16145833333333334 0.287109375 0.052083333333333336 0.0390625
10 0.052083333333333336 0.7734375 0.052083333333333336 0.0390625
10 0.19270833333333334 0.685546875 0.052083333333333336 0.0390625
5 0.0546875 0.28515625 0.052083333333333336 0.0390625
5 0.1328125 0.3046875 0.052083333333333336 0.0390625
6 0.08854166666666667 0.73046875 0.052083333333333336 0.0390625
6 0.1640625 0.685546875 0.052083333333333336 0.0390625
7 0.09114583333333333 0.298828125 0.052083333333333336 0.0390625
7 0.1015625 0.294921875 0.052083333333333336 0.0390625
8 0.11979166666666667 0.697265625 0.052083333333333336 0.0390625
8 0.13020833333333334 0.685546875 0.052083333333333336 0.0390625
