0 0.342187 0.872917 0.282813 0.254167
0 0.640234 0.870833 0.257031 0.258333
9 0.181640625 0.6992700729927007 0.01953125 0.029197080291970802
9 0.80078125 0.6846715328467153 0.01953125 0.029197080291970802
10 0.16796875 0.9854014598540146 0.01953125 0.029197080291970802
10 0.8193359375 0.9868613138686131 0.01953125 0.029197080291970802
5 0.2080078125 0.7532846715328467 0.01953125 0.029197080291970802
5 0.76953125 0.7489051094890511 0.01953125 0.029197080291970802
6 0.19921875 0.9897810218978103 0.01953125 0.029197080291970802
6 0.787109375 0.9883211678832117 0.01953125 0.029197080291970802
7 0.4716796875 0.7489051094890511 0.01953125 0.029197080291970802
7 0.5107421875 0.7474452554744525 0.01953125 0.029197080291970802
8 0.4716796875 0.981021897810219 0.01953125 0.029197080291970802
8 0.5166015625 0.981021897810219 0.01953125 0.029197080291970802
