0 0.518750 0.563889 0.140625 0.363889
0 0.671094 0.561111 0.140625 0.347222
0 0.383984 0.575694 0.121094 0.354167
0 0.226953 0.568750 0.116406 0.351389
9 0.7676470588235295 0.373046875 0.058823529411764705 0.0390625
9 0.5882352941176471 0.3671875 0.058823529411764705 0.0390625
9 0.29411764705882354 0.361328125 0.058823529411764705 0.0390625
10 0.27941176470588236 0.736328125 0.058823529411764705 0.0390625
10 0.6029411764705882 0.734375 0.058823529411764705 0.0390625
9 0.14411764705882352 0.365234375 0.058823529411764705 0.0390625
10 0.15294117647058825 0.71875 0.058823529411764705 0.0390625
10 0.7558823529411764 0.716796875 0.058823529411764705 0.0390625
5 0.17352941176470588 0.388671875 0.058823529411764705 0.0390625
5 0.31470588235294117 0.396484375 0.058823529411764705 0.0390625
5 0.5588235294117647 0.39453125 0.058823529411764705 0.0390625
5 0.7235294117647059 0.404296875 0.058823529411764705 0.0390625
6 0.7147058823529412 0.712890625 0.058823529411764705 0.0390625
6 0.5617647058823529 0.724609375 0.058823529411764705 0.0390625
6 0.31176470588235294 0.72265625 0.058823529411764705 0.0390625
6 0.18529411764705883 0.703125 0.058823529411764705 0.0390625
7 0.2529411764705882 0.3984375 0.058823529411764705 0.0390625
7 0.42058823529411765 0.40234375 0.058823529411764705 0.0390625
7 0.47058823529411764 0.40234375 0.058823529411764705 0.0390625
7 0.6235294117647059 0.40234375 0.058823529411764705 0.0390625
8 0.23529411764705882 0.7109375 0.058823529411764705 0.0390625
8 0.39705882352941174 0.7265625 0.058823529411764705 0.0390625
8 0.4411764705882353 0.7265625 0.058823529411764705 0.0390625
8 0.6323529411764706 0.7109375 0.058823529411764705 0.0390625
