0 0.439844 0.560417 0.225000 0.481944
1 0.339063 0.770833 0.014062 0.063889
9 0.5810546875 0.28487518355359764 0.01953125 0.02936857562408223
9 0.279296875 0.2643171806167401 0.01953125 0.02936857562408223
10 0.578125 0.4713656387665198 0.01953125 0.02936857562408223
10 0.28125 0.7914831130690162 0.01953125 0.02936857562408223
3 0.31640625 0.2790014684287812 0.01953125 0.02936857562408223
3 0.013671875 0.26284875183553597 0.01953125 0.02936857562408223
4 0.0087890625 0.7900146842878121 0.01953125 0.02936857562408223
4 0.310546875 0.7826725403817915 0.01953125 0.02936857562408223
5 0.55078125 0.31718061674008813 0.01953125 0.02936857562408223
6 0.556640625 0.7400881057268722 0.01953125 0.02936857562408223
7 0.3330078125 0.31130690161527164 0.01953125 0.02936857562408223
8 0.337890625 0.8002936857562408 0.01953125 0.02936857562408223
