1 0.216406 0.622917 0.042188 0.034722
1 0.221094 0.687500 0.042188 0.022222
1 0.201562 0.759028 0.045313 0.026389
1 0.322266 0.723611 0.033594 0.027778
1 0.338281 0.618750 0.017188 0.048611
1 0.359766 0.609722 0.014844 0.033333
1 0.456250 0.563889 0.039062 0.027778
1 0.453125 0.615278 0.029687 0.019444
1 0.469531 0.661111 0.028125 0.025000
1 0.383984 0.697917 0.030469 0.020833
1 0.595703 0.429861 0.021094 0.023611
0 0.630078 0.368750 0.074219 0.420833
1 0.011328 0.515278 0.019531 0.038889
9 0.669921875 0.15364583333333334 0.01953125 0.026041666666666668
3 0.7314453125 0.15234375 0.01953125 0.026041666666666668
5 0.6787109375 0.17838541666666666 0.01953125 0.026041666666666668
6 0.66015625 0.5833333333333334 0.01953125 0.026041666666666668
7 0.595703125 0.16015625 0.01953125 0.026041666666666668
8 0.5791015625 0.61328125 0.01953125 0.026041666666666668
2 0.84716796875 0.685546875 0.0087890625 0.02734375
9 0.8740234375 0.11328125 0.01953125 0.026041666666666668
10 0.818359375 0.7330729166666666 0.01953125 0.026041666666666668
3 0.9921875 0.109375 0.01953125 0.026041666666666668
5 0.8916015625 0.140625 0.01953125 0.026041666666666668
6 0.8359375 0.7265625 0.01953125 0.026041666666666668
7 0.994140625 0.13411458333333334 0.01953125 0.026041666666666668
8 0.98046875 0.7838541666666666 0.01953125 0.026041666666666668
