1 0.462109 0.315972 0.019531 0.018056
0 0.517187 0.325694 0.126563 0.287500
0 0.631641 0.827778 0.155469 0.311111
1 0.573438 0.827778 0.020312 0.025000
0 0.041406 0.776389 0.060938 0.447222
0 0.113672 0.286111 0.035156 0.466667
2 0.7277542372881356 0.72265625 0.019067796610169493 0.02734375
2 0.6091101694915254 0.21875 0.014830508474576272 0.0234375
2 0.08898305084745763 0.568359375 0.01694915254237288 0.015625
2 0.0847457627118644 0.8359375 0.012711864406779662 0.04296875
2 0.1705508474576271 0.14453125 0.019067796610169493 0.03125
2 0.1451271186440678 0.32421875 0.01059322033898305 0.03515625
2 0.13453389830508475 0.5087890625 0.014830508474576272 0.033203125
9 0.6038135593220338 0.1484375 0.0423728813559322 0.0390625
9 0.722457627118644 0.64453125 0.0423728813559322 0.0390625
10 0.7266949152542372 0.97265625 0.0423728813559322 0.0390625
10 0.6016949152542372 0.4765625 0.0423728813559322 0.0390625
3 0.4449152542372881 0.158203125 0.0423728813559322 0.0390625
3 0.5444915254237288 0.638671875 0.0423728813559322 0.0390625
4 0.4322033898305085 0.453125 0.0423728813559322 0.0390625
4 0.5423728813559322 0.978515625 0.0423728813559322 0.0390625
5 0.5783898305084746 0.173828125 0.0423728813559322 0.0390625
5 0.6970338983050848 0.671875 0.0423728813559322 0.0390625
6 0.565677966101695 0.671875 0.0423728813559322 0.0390625
6 0.4661016949152542 0.181640625 0.0423728813559322 0.0390625
7 0.5720338983050848 0.45703125 0.0423728813559322 0.0390625
7 0.6970338983050848 0.962890625 0.0423728813559322 0.0390625
8 0.576271186440678 0.962890625 0.0423728813559322 0.0390625
8 0.461864406779661 0.4453125 0.0423728813559322 0.0390625
9 0.16101694915254236 0.0546875 0.0423728813559322 0.0390625
9 0.08050847457627118 0.560546875 0.0423728813559322 0.0390625
10 0.1419491525423729 0.498046875 0.0423728813559322 0.0390625
10 0.09110169491525423 0.982421875 0.0423728813559322 0.0390625
3 0.11016949152542373 0.01953125 0.0423728813559322 0.0390625
5 0.13559322033898305 0.06640625 0.0423728813559322 0.0390625
5 0.046610169491525424 0.546875 0.0423728813559322 0.0390625
6 0.11016949152542373 0.513671875 0.0423728813559322 0.0390625
6 0.046610169491525424 0.9765625 0.0423728813559322 0.0390625
7 0.1059322033898305 0.060546875 0.0423728813559322 0.0390625
7 0.00847457627118644 0.548828125 0.0423728813559322 0.0390625
8 0.09957627118644068 0.48828125 0.0423728813559322 0.0390625
8 0.012711864406779662 0.9765625 0.0423728813559322 0.0390625
