1 0.408984 0.462500 0.028906 0.063889
1 0.364453 0.462500 0.025781 0.052778
0 0.519531 0.470833 0.250000 0.877778
0 0.296094 0.470139 0.181250 0.831944
9 0.6953125 0.014322916666666666 0.01953125 0.026041666666666668
9 0.673828125 0.9557291666666666 0.01953125 0.026041666666666668
5 0.67578125 0.013020833333333334 0.01953125 0.026041666666666668
6 0.654296875 0.9544270833333334 0.01953125 0.026041666666666668
7 0.375 0.006510416666666667 0.01953125 0.026041666666666668
7 0.3896484375 0.009114583333333334 0.01953125 0.026041666666666668
8 0.3828125 0.8958333333333334 0.01953125 0.026041666666666668
8 0.404296875 0.9010416666666666 0.01953125 0.026041666666666668
