1 0.780469 0.711111 0.018750 0.036111
1 0.775391 0.767361 0.022656 0.029167
1 0.768750 0.833333 0.020312 0.030556
1 0.764844 0.893750 0.018750 0.031944
1 0.912891 0.863194 0.022656 0.034722
1 0.636719 0.804861 0.020312 0.029167
1 0.926562 0.454167 0.043750 0.025000
0 0.870313 0.390972 0.150000 0.276389
9 0.7970588235294118 0.236328125 0.058823529411764705 0.0390625
3 0.7323529411764705 0.224609375 0.058823529411764705 0.0390625
4 0.7088235294117647 0.521484375 0.058823529411764705 0.0390625
5 0.8088235294117647 0.2578125 0.058823529411764705 0.0390625
6 0.7705882352941177 0.52734375 0.058823529411764705 0.0390625
7 0.9764705882352941 0.25 0.058823529411764705 0.0390625
8 0.9294117647058824 0.546875 0.058823529411764705 0.0390625
2 0.801470588235294 0.310546875 0.014705882352941176 0.0234375
2 0.801470588235294 0.4541015625 0.026470588235294117 0.029296875
