0 0.293750 0.447222 0.365625 0.836111
0 0.666406 0.472917 0.357812 0.815278
9 0.08431372549019608 0.0234375 0.0392156862745098 0.0390625
9 0.8843137254901962 0.021484375 0.0392156862745098 0.0390625
10 0.08431372549019608 0.875 0.0392156862745098 0.0390625
10 0.8607843137254902 0.884765625 0.0392156862745098 0.0390625
5 0.10980392156862745 0.03125 0.0392156862745098 0.0390625
5 0.8490196078431373 0.04296875 0.0392156862745098 0.0390625
6 0.10392156862745099 0.87109375 0.0392156862745098 0.0390625
6 0.8294117647058824 0.880859375 0.0392156862745098 0.0390625
7 0.4725490196078431 0.033203125 0.0392156862745098 0.0390625
7 0.5019607843137255 0.033203125 0.0392156862745098 0.0390625
8 0.45294117647058824 0.869140625 0.0392156862745098 0.0390625
8 0.48039215686274506 0.875 0.0392156862745098 0.0390625
2 0.09705882352941177 0.0966796875 0.01764705882352941 0.052734375
2 1.576470588235294 0.45229779411764703 3 0.0764705882352941232 0.8519607843137255 0.47265625 0.029411764705882353 0.05078125
