1 0.716016 0.666667 0.024219 0.041667
0 0.718359 0.607639 0.174219 0.631944
9 0.818359375 0.2526041666666667 0.01953125 0.026041666666666668
10 0.826171875 0.9348958333333334 0.01953125 0.026041666666666668
3 0.607421875 0.27734375 0.01953125 0.026041666666666668
4 0.611328125 0.9244791666666666 0.01953125 0.026041666666666668
5 0.796875 0.2838541666666667 0.01953125 0.026041666666666668
6 0.80859375 0.93359375 0.01953125 0.026041666666666668
7 0.626953125 0.29296875 0.01953125 0.026041666666666668
8 0.6328125 0.9153645833333334 0.01953125 0.026041666666666668
