1 0.736328 0.703472 0.061719 0.051389
1 0.829687 0.712500 0.043750 0.044444
1 0.939453 0.761111 0.044531 0.052778
0 0.746875 0.521528 0.112500 0.870833
0 0.919531 0.547917 0.109375 0.904167
9 0.7604166666666666 0.017578125 0.052083333333333336 0.0390625
3 0.17708333333333331 0.0390625 0.052083333333333336 0.0390625
4 0.19270833333333331 0.978515625 0.052083333333333336 0.0390625
5 0.6927083333333333 0.06640625 0.052083333333333336 0.0390625
6 0.6588541666666666 0.912109375 0.052083333333333336 0.0390625
7 0.8307291666666666 0.01171875 0.052083333333333336 0.0390625
8 0.7760416666666666 0.9921875 0.052083333333333336 0.0390625
