0 0.475781 0.829167 0.095312 0.341667
0 0.591406 0.829861 0.128125 0.340278
9 0.6728515625 0.76171875 0.01953125 0.026041666666666668
9 0.404296875 0.7604166666666666 0.01953125 0.026041666666666668
5 0.4091796875 0.7734375 0.01953125 0.026041666666666668
5 0.66015625 0.7786458333333334 0.01953125 0.026041666666666668
6 0.6650390625 0.9921875 0.01953125 0.026041666666666668
6 0.4013671875 0.9869791666666666 0.01953125 0.026041666666666668
7 0.5224609375 0.7786458333333334 0.01953125 0.026041666666666668
7 0.54296875 0.7734375 0.01953125 0.026041666666666668
8 0.5224609375 0.9895833333333334 0.01953125 0.026041666666666668
8 0.541015625 0.9895833333333334 0.01953125 0.026041666666666668
