1 0.757031 0.768750 0.032812 0.029167
0 0.789062 0.735417 0.132812 0.529167
9 0.8564453125 0.45703125 0.01953125 0.026041666666666668
10 0.884765625 0.984375 0.01953125 0.026041666666666668
10 0.6279296875 0.9856770833333334 0.01953125 0.026041666666666668
5 0.8408203125 0.4700520833333333 0.01953125 0.026041666666666668
6 0.869140625 0.9895833333333334 0.01953125 0.026041666666666668
6 0.6435546875 0.9934895833333334 0.01953125 0.026041666666666668
7 0.7177734375 0.47135416666666663 0.01953125 0.026041666666666668
7 0.736328125 0.47135416666666663 0.01953125 0.026041666666666668
8 0.732421875 0.9908854166666667 0.01953125 0.026041666666666668
8 0.744140625 0.9895833333333334 0.01953125 0.026041666666666668
