0 0.517969 0.563194 0.126563 0.115278
0 0.646094 0.568056 0.107813 0.133333
9 0.4281437125748503 0.4765625 0.059880239520958084 0.0390625
9 0.7215568862275449 0.48046875 0.059880239520958084 0.0390625
10 0.4221556886227545 0.61328125 0.059880239520958084 0.0390625
10 0.7365269461077845 0.609375 0.059880239520958084 0.0390625
5 0.47305389221556887 0.509765625 0.059880239520958084 0.0390625
5 0.6766467065868264 0.509765625 0.059880239520958084 0.0390625
6 0.47904191616766467 0.607421875 0.059880239520958084 0.0390625
6 0.6736526946107785 0.607421875 0.059880239520958084 0.0390625
7 0.5568862275449101 0.505859375 0.059880239520958084 0.0390625
7 0.5898203592814372 0.5 0.059880239520958084 0.0390625
8 0.562874251497006 0.60546875 0.059880239520958084 0.0390625
8 0.5958083832335329 0.60546875 0.059880239520958084 0.0390625
