0 0.599609 0.548611 0.197656 0.822222
0 0.359375 0.529861 0.201562 0.826389
9 0.21875 0.0625 0.052083333333333336 0.0390625
9 0.7578125 0.080078125 0.052083333333333336 0.0390625
10 0.203125 0.966796875 0.052083333333333336 0.0390625
10 0.7369791666666666 0.95703125 0.052083333333333336 0.0390625
5 0.2708333333333333 0.1015625 0.052083333333333336 0.0390625
5 0.7083333333333334 0.109375 0.052083333333333336 0.0390625
6 0.25 0.951171875 0.052083333333333336 0.0390625
6 0.6875 0.94140625 0.052083333333333336 0.0390625
7 0.4453125 0.107421875 0.052083333333333336 0.0390625
7 0.5026041666666666 0.107421875 0.052083333333333336 0.0390625
8 0.4401041666666667 0.951171875 0.052083333333333336 0.0390625
8 0.4947916666666667 0.94921875 0.052083333333333336 0.0390625
