0 0.512500 0.638889 0.310937 0.466667
1 0.610547 0.664583 0.027344 0.048611
9 0.3359375 0.38671875 0.052083333333333336 0.0390625
10 0.3307291666666667 0.869140625 0.052083333333333336 0.0390625
3 0.6770833333333334 0.39453125 0.052083333333333336 0.0390625
4 0.6822916666666666 0.87890625 0.052083333333333336 0.0390625
5 0.375 0.41796875 0.052083333333333336 0.0390625
6 0.3723958333333333 0.857421875 0.052083333333333336 0.0390625
7 0.6354166666666666 0.4296875 0.052083333333333336 0.0390625
8 0.640625 0.85546875 0.052083333333333336 0.0390625
