0 0.267969 0.618056 0.260938 0.469444
0 0.069141 0.596528 0.119531 0.334722
9 0.40350877192982454 0.3671875 0.05847953216374269 0.0390625
10 0.4064327485380117 0.841796875 0.05847953216374269 0.0390625
3 0.6081871345029239 0.3515625 0.05847953216374269 0.0390625
4 0.5994152046783626 0.92578125 0.05847953216374269 0.0390625
5 0.3684210526315789 0.3828125 0.05847953216374269 0.0390625
6 0.3684210526315789 0.84765625 0.05847953216374269 0.0390625
7 0.14327485380116958 0.384765625 0.05847953216374269 0.0390625
8 0.15497076023391812 0.837890625 0.05847953216374269 0.0390625
