0 0.388281 0.590972 0.187500 0.754167
0 0.609766 0.596528 0.246094 0.765278
9 0.2392578125 0.19455252918287938 0.01953125 0.02594033722438392
10 0.228515625 0.9571984435797666 0.01953125 0.02594033722438392
9 0.7431640625 0.14526588845654995 0.01953125 0.02594033722438392
10 0.7578125 0.9455252918287937 0.01953125 0.02594033722438392
5 0.287109375 0.24124513618677043 0.01953125 0.02594033722438392
6 0.26953125 0.9390402075226978 0.01953125 0.02594033722438392
7 0.6923828125 0.21011673151750973 0.01953125 0.02594033722438392
8 0.72265625 0.953307392996109 0.01953125 0.02594033722438392
