0 0.364062 0.714583 0.089062 0.268056
0 0.453125 0.711111 0.089062 0.258333
0 0.612500 0.695833 0.101562 0.247222
0 0.697656 0.704167 0.076563 0.255556
0 0.847656 0.693056 0.082813 0.250000
0 0.931250 0.695139 0.104687 0.259722
0 0.116797 0.715278 0.080469 0.244444
0 0.204688 0.702778 0.084375 0.252778
9 0.076171875 0.5703812316715543 0.01953125 0.02932551319648094
9 0.076171875 0.5703812316715543 0.01953125 0.02932551319648094
9 0.255859375 0.5703812316715543 0.01953125 0.02932551319648094
9 0.30859375 0.5747800586510264 0.01953125 0.02932551319648094
9 0.4990234375 0.5674486803519062 0.01953125 0.02932551319648094
9 0.548828125 0.5674486803519062 0.01953125 0.02932551319648094
9 0.7421875 0.5747800586510264 0.01953125 0.02932551319648094
9 0.794921875 0.5689149560117303 0.01953125 0.02932551319648094
9 0.9873046875 0.5557184750733137 0.01953125 0.02932551319648094
10 0.0576171875 0.8225806451612904 0.01953125 0.02932551319648094
10 0.244140625 0.8299120234604106 0.01953125 0.02932551319648094
10 0.2998046875 0.8299120234604106 0.01953125 0.02932551319648094
10 0.501953125 0.8299120234604106 0.01953125 0.02932551319648094
10 0.5517578125 0.8299120234604106 0.01953125 0.02932551319648094
10 0.7490234375 0.8269794721407625 0.01953125 0.02932551319648094
10 0.8037109375 0.8211143695014663 0.01953125 0.02932551319648094
5 0.091796875 0.5821114369501467 0.01953125 0.02932551319648094
5 0.2470703125 0.5747800586510264 0.01953125 0.02932551319648094
5 0.3232421875 0.5850439882697948 0.01953125 0.02932551319648094
5 0.484375 0.5850439882697948 0.01953125 0.02932551319648094
5 0.564453125 0.5821114369501467 0.01953125 0.02932551319648094
5 0.7275390625 0.5747800586510264 0.01953125 0.02932551319648094
5 0.810546875 0.5821114369501467 0.01953125 0.02932551319648094
5 0.9677734375 0.5718475073313783 0.01953125 0.02932551319648094
6 0.072265625 0.8196480938416423 0.01953125 0.02932551319648094
6 0.2314453125 0.8181818181818182 0.01953125 0.02932551319648094
6 0.31640625 0.8225806451612904 0.01953125 0.02932551319648094
6 0.4853515625 0.8284457478005866 0.01953125 0.02932551319648094
6 0.572265625 0.8211143695014663 0.01953125 0.02932551319648094
6 0.7353515625 0.8196480938416423 0.01953125 0.02932551319648094
6 0.82421875 0.8196480938416423 0.01953125 0.02932551319648094
6 0.9853515625 0.8123167155425219 0.01953125 0.02932551319648094
7 0.16796875 0.5835777126099707 0.01953125 0.02932551319648094
7 0.1845703125 0.5806451612903226 0.01953125 0.02932551319648094
7 0.3828125 0.5821114369501467 0.01953125 0.02932551319648094
7 0.3974609375 0.5806451612903226 0.01953125 0.02932551319648094
7 0.65234375 0.5762463343108505 0.01953125 0.02932551319648094
7 0.666015625 0.5762463343108505 0.01953125 0.02932551319648094
7 0.87109375 0.5762463343108505 0.01953125 0.02932551319648094
7 0.8837890625 0.5762463343108505 0.01953125 0.02932551319648094
8 0.1650390625 0.8240469208211144 0.01953125 0.02932551319648094
8 0.1787109375 0.8211143695014663 0.01953125 0.02932551319648094
8 0.384765625 0.8211143695014663 0.01953125 0.02932551319648094
8 0.404296875 0.8211143695014663 0.01953125 0.02932551319648094
8 0.66015625 0.8240469208211144 0.01953125 0.02932551319648094
8 0.6787109375 0.8240469208211144 0.01953125 0.02932551319648094
8 0.8857421875 0.8167155425219942 0.01953125 0.02932551319648094
8 0.9013671875 0.8167155425219942 0.01953125 0.02932551319648094
