0 0.268359 0.512500 0.449219 0.791667
0 0.714453 0.515972 0.438281 0.798611
2 0.0718475073313783 0.2041015625 0.026392961876832845 0.048828125
2 0.09237536656891496 0.5751953125 0.03812316715542522 0.056640625
2 0.12903225806451613 0.86328125 0.05865102639296188 0.05078125
2 0.9838709677419355 0.2177734375 0.026392961876832845 0.056640625
2 0.9794721407624634 0.591796875 0.04105571847507331 0.06640625
2 0.9486803519061583 0.865234375 0.026392961876832845 0.046875
9 0.026392961876832845 0.091796875 0.05865102639296188 0.0390625
9 0.9794721407624634 0.103515625 0.05865102639296188 0.0390625
10 0.04398826979472141 0.91015625 0.05865102639296188 0.0390625
10 0.9442815249266863 0.912109375 0.05865102639296188 0.0390625
5 0.07917888563049853 0.10546875 0.05865102639296188 0.0390625
5 0.9090909090909091 0.10546875 0.05865102639296188 0.0390625
6 0.08504398826979472 0.87890625 0.05865102639296188 0.0390625
6 0.8797653958944281 0.89453125 0.05865102639296188 0.0390625
7 0.4574780058651026 0.11328125 0.05865102639296188 0.0390625
7 0.5190615835777126 0.11328125 0.05865102639296188 0.0390625
8 0.4633431085043988 0.88671875 0.05865102639296188 0.0390625
8 0.5278592375366569 0.88671875 0.05865102639296188 0.0390625
