0 0.408203 0.691667 0.060156 0.252778
0 0.883594 0.665972 0.051562 0.323611
0 0.933594 0.661806 0.056250 0.295833
9 0.962890625 0.5080527086383602 0.01953125 0.029282576866764276
9 0.8564453125 0.506588579795022 0.01953125 0.029282576866764276
10 0.86328125 0.828696925329429 0.01953125 0.029282576866764276
10 0.9697265625 0.8272327964860908 0.01953125 0.029282576866764276
5 0.9609375 0.513909224011713 0.01953125 0.029282576866764276
5 0.8642578125 0.5197657393850659 0.01953125 0.029282576866764276
6 0.869140625 0.8330893118594436 0.01953125 0.029282576866764276
6 0.96875 0.8243045387994143 0.01953125 0.029282576866764276
7 0.9033203125 0.5109809663250366 0.01953125 0.029282576866764276
8 0.90234375 0.8301610541727673 0.01953125 0.029282576866764276
