1 0.289844 0.549306 0.015625 0.037500
1 0.158594 0.723611 0.014062 0.019444
1 0.132812 0.736111 0.020312 0.033333
1 0.346484 0.595833 0.022656 0.016667
1 0.360547 0.638194 0.008594 0.020833
1 0.405078 0.643056 0.007031 0.016667
1 0.420312 0.645833 0.010937 0.027778
1 0.496875 0.609722 0.032812 0.025000
1 0.491797 0.672222 0.017969 0.016667
1 0.491797 0.744444 0.028906 0.019444
1 0.629297 0.636111 0.033594 0.016667
0 0.254687 0.520833 0.081250 0.508333
0 0.463672 0.425694 0.044531 0.145833
0 0.610937 0.441667 0.043750 0.108333
0 0.700000 0.474306 0.029687 0.062500
9 0.17578125 0.20182291666666666 0.01953125 0.026041666666666668
9 0.4873046875 0.3580729166666667 0.01953125 0.026041666666666668
9 0.6376953125 0.3802083333333333 0.01953125 0.026041666666666668
9 0.7138671875 0.4453125 0.01953125 0.026041666666666668
10 0.7138671875 0.4973958333333333 0.01953125 0.026041666666666668
10 0.638671875 0.50390625 0.01953125 0.026041666666666668
10 0.48828125 0.5026041666666666 0.01953125 0.026041666666666668
10 0.17578125 0.5677083333333334 0.01953125 0.026041666666666668
2 0.20068359375 0.3326822916666667 0.0146484375 0.04296875
2 0.2021484375 0.5520833333333333 0.013671875 0.036458333333333336
2 0.4892578125 0.41796875 0.005859375 0.020833333333333332
2 0.640625 0.4309895833333333 0.0078125 0.015625
2 0.71533203125 0.4778645833333333 0.0048828125 0.018229166666666668
3 0.3037109375 0.2604166666666667 0.01953125 0.026041666666666668
4 0.298828125 0.7708333333333334 0.01953125 0.026041666666666668
3 0.4443359375 0.33203125 0.01953125 0.026041666666666668
4 0.4384765625 0.4908854166666667 0.01953125 0.026041666666666668
3 0.583984375 0.3723958333333333 0.01953125 0.026041666666666668
4 0.576171875 0.4947916666666667 0.01953125 0.026041666666666668
3 0.6875 0.4401041666666667 0.01953125 0.026041666666666668
4 0.68359375 0.5013020833333334 0.01953125 0.026041666666666668
5 0.708984375 0.4466145833333333 0.01953125 0.026041666666666668
6 0.7080078125 0.4986979166666667 0.01953125 0.026041666666666668
7 0.6904296875 0.4440104166666667 0.01953125 0.026041666666666668
8 0.689453125 0.5 0.01953125 0.026041666666666668
5 0.62890625 0.3919270833333333 0.01953125 0.026041666666666668
6 0.62890625 0.4986979166666667 0.01953125 0.026041666666666668
7 0.587890625 0.38671875 0.01953125 0.026041666666666668
8 0.5849609375 0.4921875 0.01953125 0.026041666666666668
5 0.48046875 0.3671875 0.01953125 0.026041666666666668
6 0.48046875 0.4934895833333333 0.01953125 0.026041666666666668
7 0.4443359375 0.3489583333333333 0.01953125 0.026041666666666668
8 0.4462890625 0.48828125 0.01953125 0.026041666666666668
5 0.29296875 0.2747395833333333 0.01953125 0.026041666666666668
6 0.287109375 0.7734375 0.01953125 0.026041666666666668
7 0.1884765625 0.22916666666666666 0.01953125 0.026041666666666668
8 0.189453125 0.5638020833333334 0.01953125 0.026041666666666668
