0 0.401953 0.663194 0.136719 0.331944
0 0.564844 0.667361 0.145313 0.329167
1 0.501562 0.679861 0.018750 0.040278
1 0.458203 0.677778 0.017969 0.030556
9 0.3307291666666667 0.484375 0.052083333333333336 0.0390625
9 0.6354166666666666 0.484375 0.052083333333333336 0.0390625
10 0.3125 0.83203125 0.052083333333333336 0.0390625
10 0.6380208333333334 0.833984375 0.052083333333333336 0.0390625
5 0.3515625 0.509765625 0.052083333333333336 0.0390625
5 0.6171875 0.513671875 0.052083333333333336 0.0390625
6 0.3463541666666667 0.8125 0.052083333333333336 0.0390625
6 0.609375 0.814453125 0.052083333333333336 0.0390625
7 0.453125 0.5078125 0.052083333333333336 0.0390625
7 0.5078125 0.51171875 0.052083333333333336 0.0390625
8 0.4479166666666667 0.810546875 0.052083333333333336 0.0390625
8 0.4973958333333333 0.8125 0.052083333333333336 0.0390625
