1 0.472266 0.574306 0.016406 0.015278
0 0.494531 0.560417 0.065625 0.245833
0 0.935938 0.600694 0.037500 0.393056
9 0.91015625 0.3872832369942196 0.01953125 0.028901734104046242
9 0.513671875 0.4161849710982659 0.01953125 0.028901734104046242
3 0.4658203125 0.42052023121387283 0.01953125 0.028901734104046242
4 0.453125 0.6488439306358381 0.01953125 0.028901734104046242
10 0.912109375 0.7702312138728323 0.01953125 0.028901734104046242
3 0.947265625 0.3627167630057804 0.01953125 0.028901734104046242
4 0.953125 0.6878612716763006 0.01953125 0.028901734104046242
5 0.51171875 0.42485549132947975 0.01953125 0.028901734104046242
6 0.515625 0.6705202312138728 0.01953125 0.028901734104046242
7 0.470703125 0.430635838150289 0.01953125 0.028901734104046242
8 0.46875 0.6820809248554913 0.01953125 0.028901734104046242
5 0.9208984375 0.3959537572254335 0.01953125 0.028901734104046242
6 0.9267578125 0.7702312138728323 0.01953125 0.028901734104046242
7 0.939453125 0.3829479768786127 0.01953125 0.028901734104046242
8 0.9453125 0.7861271676300579 0.01953125 0.028901734104046242
