1 0.532812 0.740278 0.029687 0.063889
1 0.677344 0.968056 0.039062 0.063889
0 0.469531 0.584028 0.121875 0.831944
0 0.700781 0.530556 0.064062 0.911111
0 0.295312 0.594444 0.109375 0.808333
9 0.3798828125 0.15226939970717424 0.01953125 0.029282576866764276
9 0.34375 0.15080527086383602 0.01953125 0.029282576866764276
9 0.6875 0.07906295754026355 0.01953125 0.029282576866764276
10 0.6806640625 0.9370424597364568 0.01953125 0.029282576866764276
3 0.7294921875 0.007320644216691069 0.01953125 0.029282576866764276
5 0.68359375 0.0746705710102489 0.01953125 0.029282576866764276
6 0.6787109375 0.9385065885797951 0.01953125 0.029282576866764276
7 0.70703125 0.017569546120058566 0.01953125 0.029282576866764276
8 0.7138671875 0.9663250366032211 0.01953125 0.029282576866764276
10 0.4033203125 0.9780380673499268 0.01953125 0.029282576866764276
10 0.3603515625 0.9824304538799414 0.01953125 0.029282576866764276
2 0.3525390625 0.3389458272327965 0.015625 0.08345534407027819
2 0.7060546875 0.3001464128843338 0.015625 0.09956076134699854
3 0.2451171875 0.16691068814055637 0.01953125 0.029282576866764276
3 0.6591796875 0.10980966325036604 0.01953125 0.029282576866764276
4 0.662109375 0.9136163982430454 0.01953125 0.029282576866764276
5 0.4267578125 0.18301610541727673 0.01953125 0.029282576866764276
5 0.3291015625 0.17130307467057102 0.01953125 0.029282576866764276
6 0.34765625 0.9912152269399708 0.01953125 0.029282576866764276
6 0.443359375 0.9897510980966325 0.01953125 0.029282576866764276
7 0.244140625 0.18887262079062958 0.01953125 0.029282576866764276
7 0.5244140625 0.24011713030746706 0.01953125 0.029282576866764276
8 0.5380859375 0.9838945827232797 0.01953125 0.029282576866764276
8 0.2548828125 0.9853587115666179 0.01953125 0.029282576866764276
