0 0.525781 0.586806 0.018750 0.301389
1 0.524219 0.609722 0.021875 0.047222
9 0.5322265625 0.4583333333333333 0.01953125 0.026041666666666668
10 0.53125 0.71875 0.01953125 0.026041666666666668
3 0.4384765625 0.45572916666666663 0.01953125 0.026041666666666668
4 0.43359375 0.72265625 0.01953125 0.026041666666666668
5 0.533203125 0.45963541666666663 0.01953125 0.026041666666666668
6 0.533203125 0.7200520833333334 0.01953125 0.026041666666666668
7 0.52734375 0.4622395833333333 0.01953125 0.026041666666666668
8 0.5234375 0.7265625 0.01953125 0.026041666666666668
