0 0.821484 0.840278 0.057031 0.297222
0 0.872656 0.848611 0.042188 0.266667
0 0.414062 0.790278 0.023438 0.263889
5 0.4340175953079179 0.66015625 0.05865102639296188 0.0390625
7 0.41935483870967744 0.65625 0.05865102639296188 0.0390625
6 0.41348973607038125 0.919921875 0.05865102639296188 0.0390625
7 0.40762463343108507 0.919921875 0.05865102639296188 0.0390625
9 0.9178885630498533 0.572265625 0.05865102639296188 0.0390625
9 0.7419354838709677 0.5859375 0.05865102639296188 0.0390625
10 0.750733137829912 0.974609375 0.05865102639296188 0.0390625
10 0.8973607038123167 0.96484375 0.05865102639296188 0.0390625
5 0.8035190615835777 0.634765625 0.05865102639296188 0.0390625
5 0.8680351906158358 0.619140625 0.05865102639296188 0.0390625
7 0.841642228739003 0.623046875 0.05865102639296188 0.0390625
7 0.8563049853372434 0.625 0.05865102639296188 0.0390625
6 0.8005865102639296 0.97265625 0.05865102639296188 0.0390625
6 0.8592375366568915 0.97265625 0.05865102639296188 0.0390625
8 0.8387096774193549 0.97265625 0.05865102639296188 0.0390625
8 0.8504398826979472 0.97265625 0.05865102639296188 0.0390625
