0 0.533594 0.520833 0.164062 0.416667
0 0.355859 0.510417 0.175781 0.395833
1 0.462891 0.525694 0.027344 0.023611
2 0.6430635838150289 0.4130859375 0.031791907514450865 0.052734375
2 0.6604046242774566 0.5712890625 0.049132947976878616 0.064453125
2 0.6387283236994219 0.732421875 0.04046242774566474 0.0625
2 0.6445086705202312 0.486328125 0.017341040462427744 0.046875
2 0.3208092485549133 0.4189453125 0.046242774566473986 0.056640625
2 0.3135838150289017 0.5703125 0.04335260115606936 0.05859375
2 0.30057803468208094 0.7294921875 0.04046242774566474 0.060546875
9 0.6445086705202312 0.302734375 0.057803468208092484 0.0390625
9 0.26011560693641617 0.291015625 0.057803468208092484 0.0390625
10 0.23699421965317918 0.732421875 0.057803468208092484 0.0390625
10 0.653179190751445 0.720703125 0.057803468208092484 0.0390625
5 0.6242774566473989 0.31640625 0.057803468208092484 0.0390625
5 0.26878612716763006 0.31640625 0.057803468208092484 0.0390625
6 0.615606936416185 0.71484375 0.057803468208092484 0.0390625
6 0.2514450867052023 0.724609375 0.057803468208092484 0.0390625
7 0.430635838150289 0.3125 0.057803468208092484 0.0390625
7 0.4653179190751445 0.30859375 0.057803468208092484 0.0390625
8 0.4190751445086705 0.720703125 0.057803468208092484 0.0390625
8 0.47398843930635837 0.720703125 0.057803468208092484 0.0390625
