0 0.558594 0.818750 0.043750 0.226389
0 0.812500 0.905556 0.025000 0.141667
0 0.173828 0.233333 0.022656 0.063889
0 0.109766 0.254167 0.014844 0.094444
0 0.892187 0.230556 0.073437 0.216667
1 0.891797 0.241667 0.071094 0.027778
9 0.515625 0.7027818448023426 0.01953125 0.029282576866764276
10 0.5224609375 0.8960468521229868 0.01953125 0.029282576866764276
3 0.576171875 0.7013177159590044 0.01953125 0.029282576866764276
4 0.58203125 0.91800878477306 0.01953125 0.029282576866764276
5 0.5400390625 0.718887262079063 0.01953125 0.029282576866764276
6 0.54296875 0.890190336749634 0.01953125 0.029282576866764276
7 0.564453125 0.718887262079063 0.01953125 0.029282576866764276
8 0.5703125 0.8887262079062958 0.01953125 0.029282576866764276
9 0.8349609375 0.8140556368960469 0.01953125 0.029282576866764276
10 0.837890625 0.9707174231332357 0.01953125 0.029282576866764276
3 0.7880859375 0.8052708638360175 0.01953125 0.029282576866764276
4 0.7939453125 0.9751098096632503 0.01953125 0.029282576866764276
5 0.822265625 0.8330893118594437 0.01953125 0.029282576866764276
6 0.8251953125 0.9633967789165446 0.01953125 0.029282576866764276
7 0.796875 0.8301610541727672 0.01953125 0.029282576866764276
8 0.8056640625 0.9633967789165446 0.01953125 0.029282576866764276
9 0.935546875 0.07906295754026355 0.01953125 0.029282576866764276
10 0.9326171875 0.31332357247437775 0.01953125 0.029282576866764276
3 0.833984375 0.07906295754026355 0.01953125 0.029282576866764276
4 0.83203125 0.31332357247437775 0.01953125 0.029282576866764276
5 0.9189453125 0.11566617862371889 0.01953125 0.029282576866764276
6 0.908203125 0.31478770131771594 0.01953125 0.029282576866764276
7 0.86328125 0.11859443631039532 0.01953125 0.029282576866764276
8 0.86328125 0.3191800878477306 0.01953125 0.029282576866764276
9 0.18359375 0.20497803806734993 0.01953125 0.029282576866764276
10 0.1845703125 0.24890190336749635 0.01953125 0.029282576866764276
3 0.1572265625 0.2005856515373353 0.01953125 0.029282576866764276
4 0.1572265625 0.25329428989751096 0.01953125 0.029282576866764276
5 0.1796875 0.21376281112737922 0.01953125 0.029282576866764276
6 0.1796875 0.25036603221083453 0.01953125 0.029282576866764276
7 0.1640625 0.21815519765739386 0.01953125 0.029282576866764276
8 0.1640625 0.24597364568081992 0.01953125 0.029282576866764276
9 0.115234375 0.20497803806734993 0.01953125 0.029282576866764276
10 0.115234375 0.28989751098096633 0.01953125 0.029282576866764276
3 0.09765625 0.2005856515373353 0.01953125 0.029282576866764276
4 0.091796875 0.2957540263543192 0.01953125 0.029282576866764276
5 0.109375 0.21961932650073207 0.01953125 0.029282576866764276
6 0.1083984375 0.28550512445095166 0.01953125 0.029282576866764276
7 0.1005859375 0.22547584187408493 0.01953125 0.029282576866764276
8 0.1005859375 0.28257686676427524 0.01953125 0.029282576866764276
