1 0.357031 0.431944 0.023438 0.036111
0 0.305469 0.441667 0.135937 0.308333
2 0.26130653266331655 0.3642578125 0.020100502512562814 0.029296875
2 0.25753768844221103 0.5703125 0.017587939698492462 0.01953125
9 0.24371859296482412 0.259765625 0.05025125628140704 0.0390625
10 0.23366834170854273 0.60546875 0.05025125628140704 0.0390625
3 0.3844221105527638 0.271484375 0.05025125628140704 0.0390625
4 0.3793969849246231 0.59375 0.05025125628140704 0.0390625
5 0.2537688442211055 0.287109375 0.05025125628140704 0.0390625
6 0.25125628140703515 0.58984375 0.05025125628140704 0.0390625
7 0.36180904522613067 0.296875 0.05025125628140704 0.0390625
8 0.3592964824120603 0.58203125 0.05025125628140704 0.0390625
