0 0.214062 0.510417 0.256250 0.695833
1 0.110156 0.505556 0.028125 0.058333
2 0.3544921875 0.2908536585365854 0.013671875 0.0475609756097561
2 0.3525390625 0.5573170731707318 0.013671875 0.046341463414634146
2 0.35693359375 0.8201219512195123 0.0166015625 0.042682926829268296
9 0.3486328125 0.14512195121951219 0.01953125 0.024390243902439025
10 0.34765625 0.8292682926829268 0.01953125 0.024390243902439025
3 0.07421875 0.14390243902439023 0.01953125 0.024390243902439025
4 0.0771484375 0.8304878048780487 0.01953125 0.024390243902439025
5 0.33203125 0.16707317073170733 0.01953125 0.024390243902439025
6 0.330078125 0.8341463414634146 0.01953125 0.024390243902439025
7 0.09375 0.16707317073170733 0.01953125 0.024390243902439025
8 0.0966796875 0.8341463414634146 0.01953125 0.024390243902439025
