1 0.821484 0.445139 0.041406 0.345833
0 0.889063 0.506250 0.221875 0.987500
0 0.118750 0.530556 0.192188 0.938889
5 0.0068359375 0.019011406844106463 0.01953125 0.03802281368821293
6 0.0107421875 0.9771863117870723 0.01953125 0.03802281368821293
7 0.1708984375 0.011406844106463879 0.01953125 0.03802281368821293
8 0.1875 0.9714828897338403 0.01953125 0.03802281368821293
5 0.990234375 0.015209125475285171 0.01953125 0.03802281368821293
6 0.9873046875 0.9752851711026616 0.01953125 0.03802281368821293
7 0.771484375 0.011406844106463879 0.01953125 0.03802281368821293
8 0.751953125 0.9714828897338403 0.01953125 0.03802281368821293
