0 0.658203 0.559028 0.086719 0.298611
0 0.748828 0.570139 0.089844 0.287500
0 0.345703 0.554167 0.086719 0.286111
0 0.255078 0.552083 0.088281 0.276389
9 0.201171875 0.40625 0.01953125 0.026041666666666668
9 0.39453125 0.4075520833333333 0.01953125 0.026041666666666668
10 0.1943359375 0.67578125 0.01953125 0.026041666666666668
10 0.3955078125 0.6809895833333334 0.01953125 0.026041666666666668
5 0.2197265625 0.4140625 0.01953125 0.026041666666666668
5 0.376953125 0.4153645833333333 0.01953125 0.026041666666666668
6 0.2109375 0.67578125 0.01953125 0.026041666666666668
6 0.380859375 0.6744791666666666 0.01953125 0.026041666666666668
7 0.291015625 0.40625 0.01953125 0.026041666666666668
7 0.3095703125 0.4075520833333333 0.01953125 0.026041666666666668
8 0.2841796875 0.67578125 0.01953125 0.026041666666666668
8 0.3037109375 0.67578125 0.01953125 0.026041666666666668
9 0.6044921875 0.4127604166666667 0.01953125 0.026041666666666668
9 0.802734375 0.4153645833333333 0.01953125 0.026041666666666668
10 0.603515625 0.6979166666666666 0.01953125 0.026041666666666668
10 0.8017578125 0.6979166666666666 0.01953125 0.026041666666666668
5 0.6171875 0.421875 0.01953125 0.026041666666666668
5 0.7900390625 0.4231770833333333 0.01953125 0.026041666666666668
6 0.6162109375 0.6901041666666666 0.01953125 0.026041666666666668
6 0.78515625 0.69140625 0.01953125 0.026041666666666668
7 0.6962890625 0.4140625 0.01953125 0.026041666666666668
7 0.7109375 0.4153645833333333 0.01953125 0.026041666666666668
8 0.6962890625 0.6927083333333334 0.01953125 0.026041666666666668
8 0.7119140625 0.6888020833333334 0.01953125 0.026041666666666668
