0 0.527734 0.440278 0.042969 0.244444
0 0.560547 0.441667 0.030469 0.241667
0 0.432031 0.471528 0.021875 0.423611
0 0.490625 0.445833 0.015625 0.288889
1 0.106250 0.620139 0.023438 0.015278
1 0.189844 0.630556 0.021875 0.011111
1 0.271094 0.629167 0.034375 0.025000
9 0.4208984375 0.24479166666666669 0.01953125 0.026041666666666668
10 0.421875 0.7096354166666667 0.01953125 0.026041666666666668
3 0.4462890625 0.265625 0.01953125 0.026041666666666668
4 0.4482421875 0.66015625 0.01953125 0.026041666666666668
5 0.42578125 0.2786458333333333 0.01953125 0.026041666666666668
6 0.4287109375 0.6848958333333334 0.01953125 0.026041666666666668
7 0.443359375 0.2864583333333333 0.01953125 0.026041666666666668
8 0.4423828125 0.6627604166666667 0.01953125 0.026041666666666668
9 0.501953125 0.30859375 0.01953125 0.026041666666666668
9 0.568359375 0.3046875 0.01953125 0.026041666666666668
10 0.5009765625 0.5677083333333334 0.01953125 0.026041666666666668
5 0.50390625 0.32291666666666663 0.01953125 0.026041666666666668
5 0.5673828125 0.32421875 0.01953125 0.026041666666666668
6 0.5078125 0.56640625 0.01953125 0.026041666666666668
6 0.5703125 0.5703125 0.01953125 0.026041666666666668
7 0.5380859375 0.31901041666666663 0.01953125 0.026041666666666668
7 0.5458984375 0.32291666666666663 0.01953125 0.026041666666666668
8 0.5361328125 0.5690104166666667 0.01953125 0.026041666666666668
8 0.544921875 0.5716145833333334 0.01953125 0.026041666666666668
