1 0.148047 0.550694 0.032031 0.204167
1 0.740234 0.579861 0.014844 0.040278
1 0.792188 0.545833 0.020312 0.041667
0 0.741016 0.403472 0.046094 0.476389
0 0.843359 0.402778 0.136719 0.383333
2 0.76708984375 0.3090040927694407 0.0107421875 0.04229195088676671
9 0.7578125 0.16098226466575716 0.01953125 0.027285129604365622
10 0.7626953125 0.6343792633015006 0.01953125 0.027285129604365622
3 0.7216796875 0.13096862210095497 0.01953125 0.027285129604365622
4 0.72265625 0.6739427012278308 0.01953125 0.027285129604365622
5 0.74609375 0.21145975443383355 0.01953125 0.027285129604365622
6 0.7490234375 0.6275579809004093 0.01953125 0.027285129604365622
7 0.7294921875 0.19645293315143247 0.01953125 0.027285129604365622
8 0.7353515625 0.645293315143247 0.01953125 0.027285129604365622
5 0.7998046875 0.2073669849931787 0.01953125 0.027285129604365622
6 0.783203125 0.20463847203274216 0.01953125 0.027285129604365622
7 0.8798828125 0.5607094133697135 0.01953125 0.027285129604365622
8 0.7880859375 0.6125511596180082 0.01953125 0.027285129604365622
9 0.8349609375 0.16098226466575716 0.01953125 0.027285129604365622
10 0.7744140625 0.17598908594815826 0.01953125 0.027285129604365622
4 0.7705078125 0.6084583901773534 0.01953125 0.027285129604365622
