1 0.829297 0.538889 0.030469 0.197222
1 0.810547 0.540278 0.019531 0.172222
1 0.469531 0.530556 0.020312 0.033333
0 0.405859 0.466667 0.132031 0.575000
1 0.303125 0.915972 0.017188 0.040278
1 0.314453 0.894444 0.022656 0.027778
1 0.363672 0.777083 0.016406 0.043056
1 0.372656 0.665278 0.015625 0.027778
1 0.394531 0.629167 0.015625 0.025000
1 0.400000 0.691667 0.017188 0.036111
9 0.3212890625 0.1527165932452276 0.01953125 0.02936857562408223
3 0.4873046875 0.1527165932452276 0.01953125 0.02936857562408223
4 0.486328125 0.7723935389133627 0.01953125 0.02936857562408223
5 0.3330078125 0.17180616740088106 0.01953125 0.02936857562408223
7 0.4794921875 0.17033773861967694 0.01953125 0.02936857562408223
8 0.4765625 0.7723935389133627 0.01953125 0.02936857562408223
2 0.32666015625 0.2356828193832599 0.0107421875 0.039647577092511016
2 0.33251953125 0.4801762114537445 0.0107421875 0.041116005873715125
