1 0.418750 0.536111 0.045313 0.200000
1 0.439453 0.734722 0.044531 0.166667
1 0.504687 0.811111 0.070312 0.047222
1 0.512500 0.897917 0.065625 0.043056
1 0.536328 0.368056 0.055469 0.027778
1 0.600391 0.483333 0.032031 0.113889
1 0.658203 0.542361 0.038281 0.020833
1 0.714063 0.532639 0.035937 0.018056
0 0.047656 0.538194 0.090625 0.887500
1 0.456250 0.568056 0.042188 0.033333
9 0.068359375 0.08199121522693997 0.01953125 0.029282576866764276
10 0.138671875 0.9751098096632503 0.01953125 0.029282576866764276
5 0.0458984375 0.11859443631039532 0.01953125 0.029282576866764276
6 0.1123046875 0.9780380673499268 0.01953125 0.029282576866764276
7 0.005859375 0.11566617862371889 0.01953125 0.029282576866764276
8 0.005859375 0.9853587115666179 0.01953125 0.029282576866764276
2 0.09326171875 0.3294289897510981 0.0263671875 0.08784773060029283
2 0.1298828125 0.8513909224011713 0.0234375 0.0746705710102489
