1 0.840625 0.481250 0.043750 0.059722
0 0.915625 0.505556 0.168750 0.841667
1 0.224219 0.159028 0.028125 0.029167
1 0.192969 0.160417 0.025000 0.031944
9 0.9640522875816994 0.0234375 0.06535947712418301 0.0390625
3 0.7516339869281046 0.044921875 0.06535947712418301 0.0390625
4 0.7222222222222222 0.8984375 0.06535947712418301 0.0390625
5 0.9803921568627451 0.080078125 0.06535947712418301 0.0390625
6 0.9705882352941176 0.935546875 0.06535947712418301 0.0390625
7 0.8529411764705882 0.095703125 0.06535947712418301 0.0390625
8 0.826797385620915 0.89453125 0.06535947712418301 0.0390625
