1 0.245703 0.313194 0.041406 0.395833
1 0.221094 0.313194 0.025000 0.365278
1 0.251172 0.647917 0.183594 0.098611
0 0.955078 0.530556 0.089844 0.938889
1 0.907422 0.951389 0.030469 0.061111
1 0.097266 0.221528 0.047656 0.012500
1 0.101953 0.262500 0.039844 0.022222
5 0.9140625 0.013003901170351105 0.01953125 0.02600780234070221
6 0.828125 0.9921976592977894 0.01953125 0.02600780234070221
7 0.9892578125 0.013003901170351105 0.01953125 0.02600780234070221
8 0.921875 0.9921976592977894 0.01953125 0.02600780234070221
