1 0.187500 0.344444 0.028125 0.205556
1 0.205078 0.520139 0.024219 0.140278
0 0.975781 0.390278 0.048437 0.380556
1 0.965625 0.393750 0.020312 0.037500
9 0.1630859375 0.05859375 0.01953125 0.026041666666666668
10 0.197265625 0.6653645833333334 0.01953125 0.026041666666666668
3 0.0244140625 0.022135416666666668 0.01953125 0.026041666666666668
5 0.115234375 0.09114583333333333 0.01953125 0.026041666666666668
6 0.1484375 0.6640625 0.01953125 0.026041666666666668
7 0.0244140625 0.0625 0.01953125 0.026041666666666668
8 0.05859375 0.5377604166666666 0.01953125 0.026041666666666668
3 0.7890625 0.044270833333333336 0.01953125 0.026041666666666668
4 0.798828125 0.8138020833333334 0.01953125 0.026041666666666668
9 0.990234375 0.01953125 0.01953125 0.026041666666666668
3 0.947265625 0.18489583333333334 0.01953125 0.026041666666666668
4 0.943359375 0.5651041666666666 0.01953125 0.026041666666666668
9 0.9921875 0.17578125 0.01953125 0.026041666666666668
5 0.99609375 0.19791666666666666 0.01953125 0.026041666666666668
6 0.994140625 0.5651041666666666 0.01953125 0.026041666666666668
7 0.9560546875 0.1953125 0.01953125 0.026041666666666668
8 0.9521484375 0.5625 0.01953125 0.026041666666666668
