1 0.179297 0.798611 0.133594 0.169444
0 0.177344 0.510417 0.318750 0.979167
0 0.694922 0.516667 0.610156 0.966667
3 0.3232421875 0.016927083333333332 0.01953125 0.026041666666666668
3 0.37890625 0.01953125 0.01953125 0.026041666666666668
4 0.3408203125 0.9869791666666666 0.01953125 0.026041666666666668
4 0.3828125 0.9869791666666666 0.01953125 0.026041666666666668
5 0.0126953125 0.01953125 0.01953125 0.026041666666666668
5 0.984375 0.01953125 0.01953125 0.026041666666666668
6 0.9921875 0.98046875 0.01953125 0.026041666666666668
6 0.009765625 0.9830729166666666 0.01953125 0.026041666666666668
7 0.2998046875 0.014322916666666666 0.01953125 0.026041666666666668
7 0.404296875 0.015625 0.01953125 0.026041666666666668
8 0.3134765625 0.9830729166666666 0.01953125 0.026041666666666668
8 0.416015625 0.9765625 0.01953125 0.026041666666666668
