1 0.153125 0.565972 0.031250 0.123611
1 0.183594 0.565278 0.031250 0.119444
1 0.835938 0.468750 0.031250 0.037500
1 0.485938 0.565278 0.012500 0.077778
1 0.499219 0.554861 0.017188 0.076389
1 0.368750 0.604167 0.057813 0.047222
1 0.370703 0.732639 0.057031 0.031944
1 0.380078 0.897222 0.044531 0.041667
1 0.514063 0.456944 0.026563 0.022222
1 0.675000 0.418056 0.015625 0.025000
0 0.654297 0.410417 0.042969 0.468056
0 0.565625 0.422917 0.051562 0.590278
0 0.897266 0.429861 0.136719 0.593056
2 0.5966796875 0.23133235724743778 0.013671875 0.040995607613469986
2 0.59814453125 0.4568081991215227 0.0107421875 0.032210834553440704
2 0.6044921875 0.6691068814055636 0.01171875 0.029282576866764276
2 0.63720703125 0.4472913616398243 0.0087890625 0.03074670571010249
2 0.6416015625 0.6471449487554904 0.01171875 0.032210834553440704
9 0.5859375 0.11420204978038068 0.01953125 0.029282576866764276
10 0.595703125 0.6969253294289898 0.01953125 0.029282576866764276
10 0.62109375 0.664714494875549 0.01953125 0.029282576866764276
9 0.6162109375 0.1815519765739385 0.01953125 0.029282576866764276
3 0.4814453125 0.07759882869692533 0.01953125 0.029282576866764276
4 0.4873046875 0.45095168374816985 0.01953125 0.029282576866764276
3 0.6904296875 0.1683748169838946 0.01953125 0.029282576866764276
4 0.6865234375 0.6134699853587116 0.01953125 0.029282576866764276
9 0.96484375 0.06442166910688141 0.01953125 0.029282576866764276
3 0.8076171875 0.09370424597364568 0.01953125 0.029282576866764276
4 0.798828125 0.7232796486090776 0.01953125 0.029282576866764276
5 0.5712890625 0.13177159590043924 0.01953125 0.029282576866764276
5 0.638671875 0.18740849194729137 0.01953125 0.029282576866764276
6 0.580078125 0.6866764275256223 0.01953125 0.029282576866764276
6 0.6396484375 0.6442166910688141 0.01953125 0.029282576866764276
7 0.4970703125 0.1054172767203514 0.01953125 0.029282576866764276
7 0.6728515625 0.17130307467057102 0.01953125 0.029282576866764276
8 0.5478515625 0.7174231332357247 0.01953125 0.029282576866764276
8 0.6708984375 0.6222547584187409 0.01953125 0.029282576866764276
5 0.9580078125 0.09809663250366032 0.01953125 0.029282576866764276
6 0.94140625 0.7203513909224012 0.01953125 0.029282576866764276
7 0.8271484375 0.12298682284040996 0.01953125 0.029282576866764276
8 0.8193359375 0.7218155197657394 0.01953125 0.029282576866764276
