1 0.153906 0.496528 0.034375 0.248611
1 0.179297 0.500694 0.024219 0.226389
1 0.163281 0.659028 0.167187 0.037500
1 0.353906 0.672917 0.065625 0.054167
0 0.951172 0.502083 0.067969 0.229167
1 0.373437 0.573611 0.040625 0.025000
1 0.731250 0.474306 0.096875 0.034722
1 0.727344 0.559028 0.092188 0.043056
2 0.99853515625 0.42550143266475643 0.0126953125 0.022922636103151862
2 0.99462890625 0.5365329512893983 0.0087890625 0.03008595988538682
2 0.99365234375 0.6382521489971347 0.0087890625 0.024355300859598854
9 0.9921875 0.37106017191977075 0.01953125 0.02865329512893983
10 0.9921875 0.6346704871060171 0.01953125 0.02865329512893983
5 0.978515625 0.38825214899713467 0.01953125 0.02865329512893983
6 0.9765625 0.6318051575931232 0.01953125 0.02865329512893983
7 0.9248046875 0.3939828080229226 0.01953125 0.02865329512893983
7 0.9111328125 0.39111747851002865 0.01953125 0.02865329512893983
8 0.9228515625 0.6203438395415473 0.01953125 0.02865329512893983
8 0.9072265625 0.6174785100286533 0.01953125 0.02865329512893983
