1 0.406250 0.527778 0.028125 0.097222
1 0.366016 0.525000 0.032031 0.100000
1 0.730469 0.697222 0.057813 0.069444
0 0.788672 0.512500 0.189844 0.975000
9 0.9150390625 0.002604166666666668 0.01953125 0.026041666666666668
10 0.8623046875 0.9921875 0.01953125 0.026041666666666668
3 0.6943359375 0.005208333333333334 0.01953125 0.026041666666666668
4 0.6591796875 0.9895833333333334 0.01953125 0.026041666666666668
5 0.916015625 0.009114583333333334 0.01953125 0.026041666666666668
6 0.8623046875 0.9908854166666667 0.01953125 0.026041666666666668
7 0.7041015625 0.0078125 0.01953125 0.026041666666666668
8 0.669921875 0.9908854166666667 0.01953125 0.026041666666666668
