1 0.406641 0.544444 0.274219 0.325000
0 0.310156 0.507639 0.585938 0.981944
0 0.806641 0.528472 0.386719 0.943056
5 0.005859375 0.016927083333333332 0.01953125 0.026041666666666668
5 0.9814453125 0.014322916666666666 0.01953125 0.026041666666666668
6 0.009765625 0.9830729166666666 0.01953125 0.026041666666666668
6 0.9873046875 0.9830729166666666 0.01953125 0.026041666666666668
7 0.5859375 0.013020833333333334 0.01953125 0.026041666666666668
7 0.630859375 0.018229166666666668 0.01953125 0.026041666666666668
8 0.5888671875 0.9830729166666666 0.01953125 0.026041666666666668
8 0.6396484375 0.98046875 0.01953125 0.026041666666666668
