1 0.712109 0.345139 0.194531 0.248611
0 0.535156 0.484722 0.306250 0.902778
1 0.335547 0.317361 0.116406 0.156944
1 0.390625 0.493750 0.059375 0.093056
9 0.81640625 0.06640625 0.0390625 0.0390625
10 0.744140625 0.63671875 0.0390625 0.0390625
5 0.744140625 0.046875 0.0390625 0.0390625
6 0.69921875 0.662109375 0.0390625 0.0390625
7 0.46484375 0.0703125 0.0390625 0.0390625
8 0.4921875 0.943359375 0.0390625 0.0390625
10 0.11328125 0.669921875 0.0390625 0.0390625
6 0.154296875 0.62890625 0.0390625 0.0390625
