1 0.533984 0.477778 0.053906 0.386111
1 0.407422 0.471528 0.053906 0.384722
0 0.227344 0.495833 0.451562 0.980556
0 0.741406 0.511111 0.517187 0.977778
5 0.0029296875 0.0029411764705882353 0.01953125 0.029411764705882353
5 0.9912109375 0.010294117647058823 0.01953125 0.029411764705882353
6 0.00390625 0.9897058823529411 0.01953125 0.029411764705882353
6 0.9970703125 0.9941176470588234 0.01953125 0.029411764705882353
7 0.462890625 0.007352941176470588 0.01953125 0.029411764705882353
7 0.4775390625 0.007352941176470588 0.01953125 0.029411764705882353
8 0.4609375 0.9941176470588234 0.01953125 0.029411764705882353
8 0.4716796875 0.9926470588235293 0.01953125 0.029411764705882353
