0 0.295312 0.496528 0.571875 0.943056
0 0.804688 0.525000 0.382812 0.950000
5 0.010416666666666668 0.005208333333333334 0.026041666666666668 0.026041666666666668
5 0.9817708333333334 0.024739583333333336 0.026041666666666668 0.026041666666666668
6 0.013020833333333334 0.9752604166666667 0.026041666666666668 0.026041666666666668
6 0.98828125 0.9778645833333334 0.026041666666666668 0.026041666666666668
7 0.57421875 0.015625 0.026041666666666668 0.026041666666666668
7 0.6236979166666667 0.015625 0.026041666666666668 0.026041666666666668
8 0.5794270833333334 0.9856770833333334 0.026041666666666668 0.026041666666666668
8 0.609375 0.9856770833333334 0.026041666666666668 0.026041666666666668
