1 0.177734 0.245139 0.030469 0.118056
1 0.180078 0.359722 0.030469 0.102778
1 0.736719 0.381250 0.132812 0.045833
1 0.137109 0.718056 0.017969 0.033333
1 0.161719 0.718750 0.015625 0.026389
1 0.503125 0.720139 0.015625 0.026389
1 0.522266 0.716667 0.016406 0.030556
1 0.620313 0.720833 0.017188 0.025000
1 0.643750 0.714583 0.015625 0.034722
1 0.770312 0.652778 0.014062 0.033333
1 0.800781 0.654167 0.017188 0.036111
0 0.989844 0.800694 0.020312 0.345833
0 0.041016 0.813889 0.069531 0.358333
1 0.611719 0.887500 0.042188 0.025000
1 0.382422 0.858333 0.027344 0.016667
1 0.332422 0.851389 0.021094 0.011111
9 0.09114583333333334 0.630859375 0.052083333333333336 0.0390625
10 0.09375 0.98828125 0.052083333333333336 0.0390625
3 0.010416666666666668 0.619140625 0.052083333333333336 0.0390625
5 0.06770833333333333 0.650390625 0.052083333333333336 0.0390625
6 0.06770833333333333 0.984375 0.052083333333333336 0.0390625
7 0.005208333333333336 0.642578125 0.052083333333333336 0.0390625
8 0.010416666666666668 0.984375 0.052083333333333336 0.0390625
