1 0.637891 0.210417 0.177344 0.270833
0 0.784766 0.500694 0.430469 0.990278
0 0.271484 0.495833 0.530469 0.977778
5 0.009765625 0.014641288433382138 0.01953125 0.029282576866764276
5 0.9892578125 0.017569546120058566 0.01953125 0.029282576866764276
6 0.013671875 0.9838945827232797 0.01953125 0.029282576866764276
6 0.9873046875 0.9809663250366032 0.01953125 0.029282576866764276
7 0.544921875 0.008784773060029283 0.01953125 0.029282576866764276
7 0.5810546875 0.013177159590043924 0.01953125 0.029282576866764276
8 0.54296875 0.9795021961932651 0.01953125 0.029282576866764276
8 0.576171875 0.9780380673499268 0.01953125 0.029282576866764276
