1 0.807422 0.521528 0.027344 0.056944
0 0.693750 0.413194 0.306250 0.631944
1 0.817187 0.836806 0.039062 0.059722
1 0.806250 0.921528 0.037500 0.056944
1 0.963281 0.973611 0.039062 0.052778
9 0.5747800586510264 0.0703125 0.05865102639296188 0.0390625
3 0.06451612903225806 0.056640625 0.05865102639296188 0.0390625
4 0.07624633431085044 0.70703125 0.05865102639296188 0.0390625
5 0.5601173020527859 0.107421875 0.05865102639296188 0.0390625
6 0.5219941348973607 0.689453125 0.05865102639296188 0.0390625
7 0.8826979472140762 0.08203125 0.05865102639296188 0.0390625
8 0.8181818181818182 0.638671875 0.05865102639296188 0.0390625
