0 0.273438 0.472222 0.273438 0.822222
1 0.829687 0.718750 0.021875 0.037500
1 0.847656 0.737500 0.037500 0.044444
1 0.089062 0.703472 0.109375 0.034722
9 0.3880208333333333 0.111328125 0.052083333333333336 0.0390625
3 0.7161458333333334 0.0390625 0.052083333333333336 0.0390625
4 0.671875 0.951171875 0.052083333333333336 0.0390625
5 0.3880208333333333 0.142578125 0.052083333333333336 0.0390625
6 0.3776041666666667 0.869140625 0.052083333333333336 0.0390625
7 0.1484375 0.0703125 0.052083333333333336 0.0390625
8 0.20052083333333334 0.9609375 0.052083333333333336 0.0390625
10 0.4270833333333333 0.833984375 0.052083333333333336 0.0390625
