1 0.130859 0.395139 0.099219 0.048611
0 0.114063 0.446528 0.228125 0.873611
0 0.574609 0.433333 0.664844 0.852778
9 0.9853372434017595 0.01171875 0.05865102639296188 0.0390625
10 0.9413489736070382 0.896484375 0.05865102639296188 0.0390625
5 0.02932551319648094 0.015625 0.05865102639296188 0.0390625
5 0.9237536656891495 0.01171875 0.05865102639296188 0.0390625
6 0.020527859237536656 0.869140625 0.05865102639296188 0.0390625
6 0.8885630498533724 0.869140625 0.05865102639296188 0.0390625
7 0.18181818181818182 0.01171875 0.05865102639296188 0.0390625
7 0.24926686217008798 0.015625 0.05865102639296188 0.0390625
8 0.20821114369501467 0.8671875 0.05865102639296188 0.0390625
8 0.2844574780058651 0.8671875 0.05865102639296188 0.0390625
