1 0.655469 0.573611 0.050000 0.086111
1 0.757422 0.578472 0.049219 0.090278
0 0.854297 0.519444 0.274219 0.961111
0 0.401953 0.495139 0.569531 0.959722
2 0.115234375 0.14322916666666669 0.02734375 0.078125
2 0.1123046875 0.76171875 0.0234375 0.11458333333333333
9 0.0908203125 0.006510416666666667 0.01953125 0.026041666666666668
10 0.0849609375 0.9856770833333334 0.01953125 0.026041666666666668
5 0.1044921875 0.0078125 0.01953125 0.026041666666666668
5 0.9921875 0.006510416666666667 0.01953125 0.026041666666666668
6 0.0966796875 0.984375 0.01953125 0.026041666666666668
6 0.994140625 0.9869791666666666 0.01953125 0.026041666666666668
7 0.70703125 0.009114583333333334 0.01953125 0.026041666666666668
7 0.7255859375 0.009114583333333334 0.01953125 0.026041666666666668
8 0.6943359375 0.9869791666666666 0.01953125 0.026041666666666668
8 0.7119140625 0.9869791666666666 0.01953125 0.026041666666666668
