1 0.460547 0.213889 0.027344 0.102778
1 0.454297 0.627778 0.032031 0.097222
1 0.547656 0.595139 0.035937 0.106944
1 0.637891 0.588889 0.032031 0.097222
1 0.596484 0.393750 0.028906 0.037500
1 0.247266 0.330556 0.033594 0.063889
0 0.150781 0.578472 0.287500 0.606944
9 0.0048828125 0.9670710571923743 0.01953125 0.03466204506065858
10 0.533203125 0.878682842287695 0.01953125 0.03466204506065858
5 0.0068359375 0.8994800693240901 0.01953125 0.03466204506065858
6 0.521484375 0.8214904679376083 0.01953125 0.03466204506065858
7 0.0048828125 0.27902946273830154 0.01953125 0.03466204506065858
8 0.259765625 0.2876949740034662 0.01953125 0.03466204506065858
