1 0.464063 0.696528 0.046875 0.034722
1 0.465625 0.784028 0.053125 0.029167
1 0.468750 0.885417 0.050000 0.034722
1 0.607813 0.800694 0.017188 0.023611
1 0.631250 0.805556 0.020312 0.027778
1 0.775781 0.878472 0.043750 0.031944
1 0.940625 0.700000 0.053125 0.047222
1 0.777734 0.776389 0.033594 0.027778
1 0.771094 0.985417 0.045313 0.029167
1 0.227734 0.629167 0.038281 0.027778
1 0.230859 0.704167 0.030469 0.025000
1 0.235156 0.797917 0.026563 0.026389
0 0.967578 0.522222 0.064844 0.955556
1 0.321094 0.709722 0.018750 0.038889
1 0.338672 0.721528 0.016406 0.029167
3 0.9189453125 0.023529411764705882 0.01953125 0.029411764705882353
4 0.8642578125 0.9779411764705882 0.01953125 0.029411764705882353
5 0.9931640625 0.01911764705882353 0.01953125 0.029411764705882353
6 0.98828125 0.9897058823529412 0.01953125 0.029411764705882353
7 0.943359375 0.029411764705882353 0.01953125 0.029411764705882353
8 0.8857421875 0.9882352941176471 0.01953125 0.029411764705882353
