1 0.547266 0.459722 0.257031 0.544444
1 0.228125 0.736806 0.070312 0.070833
0 0.375000 0.488194 0.717188 0.895833
0 0.933203 0.520139 0.133594 0.876389
3 0.8269794721407624 0.0078125 0.05865102639296188 0.0390625
4 0.7800586510263929 0.990234375 0.05865102639296188 0.0390625
5 0.026392961876832845 0.015625 0.05865102639296188 0.0390625
6 0.03812316715542522 0.97265625 0.05865102639296188 0.0390625
7 0.7741935483870968 0.009765625 0.05865102639296188 0.0390625
8 0.7272727272727273 0.984375 0.05865102639296188 0.0390625
