1 0.655859 0.506944 0.060156 0.047222
1 0.649609 0.595833 0.057031 0.036111
1 0.642969 0.686806 0.059375 0.037500
1 0.307422 0.651389 0.066406 0.038889
1 0.309766 0.566667 0.063281 0.044444
1 0.307031 0.475000 0.059375 0.033333
0 0.915625 0.504167 0.079687 0.919444
9 0.875 0.006510416666666667 0.01953125 0.026041666666666668
10 0.8125 0.86328125 0.01953125 0.026041666666666668
5 0.9052734375 0.005208333333333334 0.01953125 0.026041666666666668
6 0.8349609375 0.8828125 0.01953125 0.026041666666666668
7 0.994140625 0.009114583333333334 0.01953125 0.026041666666666668
8 0.9140625 0.98828125 0.01953125 0.026041666666666668
