1 0.110547 0.406944 0.030469 0.133333
1 0.111328 0.546528 0.032031 0.134722
0 0.225000 0.804167 0.026563 0.311111
0 0.685547 0.685417 0.147656 0.598611
1 0.247656 0.308333 0.018750 0.038889
1 0.266016 0.308333 0.013281 0.033333
5 0.630859375 0.419921875 0.0390625 0.0390625
6 0.6328125 0.96484375 0.0390625 0.0390625
7 0.7421875 0.525390625 0.0390625 0.0390625
8 0.736328125 0.9609375 0.0390625 0.0390625
5 0.240234375 0.7109375 0.0390625 0.0390625
6 0.240234375 0.947265625 0.0390625 0.0390625
7 0.216796875 0.669921875 0.0390625 0.0390625
8 0.220703125 0.970703125 0.0390625 0.0390625
