1 0.205469 0.402778 0.054688 0.030556
1 0.836719 0.400694 0.051562 0.034722
0 0.896875 0.420833 0.206250 0.780556
0 0.142578 0.431944 0.285156 0.813889
10 0.99609375 0.8138020833333334 0.01953125 0.026041666666666668
10 0.0107421875 0.8606770833333334 0.01953125 0.026041666666666668
3 0.275390625 0.013020833333333334 0.01953125 0.026041666666666668
3 0.7880859375 0.01171875 0.01953125 0.026041666666666668
4 0.30078125 0.8567708333333334 0.01953125 0.026041666666666668
4 0.7412109375 0.8294270833333334 0.01953125 0.026041666666666668
5 0.0048828125 0.010416666666666668 0.01953125 0.026041666666666668
5 0.99609375 0.0078125 0.01953125 0.026041666666666668
6 0.0185546875 0.83203125 0.01953125 0.026041666666666668
6 0.982421875 0.81640625 0.01953125 0.026041666666666668
7 0.255859375 0.009114583333333334 0.01953125 0.026041666666666668
7 0.8046875 0.014322916666666668 0.01953125 0.026041666666666668
8 0.279296875 0.8307291666666667 0.01953125 0.026041666666666668
8 0.759765625 0.81640625 0.01953125 0.026041666666666668
