1 0.786719 0.710417 0.026563 0.204167
1 0.829297 0.722917 0.021094 0.215278
1 0.830469 0.255556 0.020312 0.219444
1 0.786328 0.252083 0.022656 0.215278
1 0.265234 0.756944 0.164844 0.050000
1 0.265234 0.879167 0.163281 0.058333
0 0.258984 0.343056 0.114844 0.305556
1 0.408203 0.490278 0.013281 0.080556
9 0.1943359375 0.17417417417417416 0.01953125 0.03003003003003003
10 0.19140625 0.49399399399399396 0.01953125 0.03003003003003003
3 0.3115234375 0.1831831831831832 0.01953125 0.03003003003003003
5 0.2001953125 0.19369369369369369 0.01953125 0.03003003003003003
6 0.2080078125 0.49399399399399396 0.01953125 0.03003003003003003
7 0.3125 0.2102102102102102 0.01953125 0.03003003003003003
8 0.3134765625 0.49099099099099097 0.01953125 0.03003003003003003
