1 0.222266 0.659028 0.072656 0.048611
0 0.148828 0.502083 0.250781 0.962500
0 0.708594 0.511806 0.276563 0.976389
2 0.5849609375 0.19270833333333331 0.017578125 0.10677083333333333
2 0.60986328125 0.8072916666666667 0.0185546875 0.10416666666666667
2 0.044921875 0.19205729166666669 0.021484375 0.07682291666666667
2 0.08544921875 0.6712239583333333 0.0224609375 0.08723958333333333
9 0.55859375 0.015625 0.01953125 0.026041666666666668
9 0.0087890625 0.018229166666666668 0.01953125 0.026041666666666668
10 0.0927734375 0.9895833333333334 0.01953125 0.026041666666666668
10 0.59375 0.9817708333333334 0.01953125 0.026041666666666668
3 0.9677734375 0.014322916666666666 0.01953125 0.026041666666666668
3 0.251953125 0.005208333333333333 0.01953125 0.026041666666666668
4 0.3193359375 0.984375 0.01953125 0.026041666666666668
4 0.9521484375 0.98828125 0.01953125 0.026041666666666668
5 0.0205078125 0.01171875 0.01953125 0.026041666666666668
5 0.5732421875 0.010416666666666666 0.01953125 0.026041666666666668
6 0.107421875 0.9856770833333334 0.01953125 0.026041666666666668
6 0.6064453125 0.9921875 0.01953125 0.026041666666666668
7 0.2236328125 0.0078125 0.01953125 0.026041666666666668
7 0.9228515625 0.010416666666666666 0.01953125 0.026041666666666668
8 0.30078125 0.984375 0.01953125 0.026041666666666668
8 0.9150390625 0.9895833333333334 0.01953125 0.026041666666666668
