1 0.457812 0.554861 0.039062 0.820833
1 0.482812 0.557639 0.035937 0.834722
1 0.832422 0.952083 0.163281 0.095833
1 0.889063 0.752083 0.221875 0.120833
1 0.312109 0.534722 0.100781 0.047222
1 0.318750 0.579167 0.100000 0.050000
1 0.204297 0.506250 0.078906 0.045833
1 0.209375 0.539583 0.076563 0.037500
0 0.028906 0.740278 0.057813 0.197222
9 0.0048828125 0.5381231671554252 0.01953125 0.02932551319648094
10 0.0771484375 0.8255131964809385 0.01953125 0.02932551319648094
2 0.0703125 0.8093841642228738 0.013671875 0.03225806451612903
5 0.005859375 0.5703812316715543 0.01953125 0.02932551319648094
6 0.0693359375 0.8357771260997068 0.01953125 0.02932551319648094
8 0.001953125 0.9002932551319648 0.01953125 0.02932551319648094
