1 0.062109 0.463889 0.060156 0.308333
1 0.076172 0.759722 0.057031 0.269444
0 0.456641 0.511111 0.164844 0.975000
0 0.865625 0.506250 0.057813 0.987500
1 0.860547 0.788194 0.025781 0.062500
1 0.418750 0.701389 0.031250 0.044444
1 0.057422 0.151389 0.028906 0.038889
1 0.023047 0.149306 0.022656 0.043056
2 0.36962890625 0.11422976501305483 0.0166015625 0.05613577023498695
2 0.38525390625 0.6468668407310705 0.0185546875 0.04569190600522193
2 0.9189453125 0.05939947780678852 0.009765625 0.05352480417754569
2 0.8984375 0.7389033942558746 0.01171875 0.05483028720626632
5 0.896484375 0.006527415143603133 0.01953125 0.02610966057441253
5 0.3818359375 0.03133159268929504 0.01953125 0.02610966057441253
6 0.404296875 0.9921671018276762 0.01953125 0.02610966057441253
6 0.8701171875 0.9921671018276762 0.01953125 0.02610966057441253
7 0.5234375 0.04569190600522194 0.01953125 0.02610966057441253
7 0.8564453125 0.014360313315926892 0.01953125 0.02610966057441253
8 0.533203125 0.9869451697127937 0.01953125 0.02610966057441253
8 0.833984375 0.9895561357702349 0.01953125 0.02610966057441253
