0 0.871484 0.488889 0.119531 0.708333
2 0.94873046875 0.248046875 0.0068359375 0.032552083333333336
2 0.93994140625 0.3014322916666667 0.0029296875 0.024739583333333332
2 0.9228515625 0.5305989583333334 0.005859375 0.029947916666666668
9 0.95703125 0.12890625 0.01953125 0.026041666666666668
10 0.9140625 0.6041666666666666 0.01953125 0.026041666666666668
3 0.876953125 0.09375 0.01953125 0.026041666666666668
5 0.94140625 0.14192708333333334 0.01953125 0.026041666666666668
6 0.896484375 0.6497395833333334 0.01953125 0.026041666666666668
7 0.876953125 0.12239583333333333 0.01953125 0.026041666666666668
8 0.8212890625 0.8294270833333334 0.01953125 0.026041666666666668
