1 0.741406 0.365972 0.240625 0.201389
1 0.242188 0.388889 0.190625 0.213889
0 0.494922 0.513194 0.299219 0.956944
2 0.71142578125 0.431640625 0.0361328125 0.20442708333333334
9 0.7080078125 0.010416666666666666 0.01953125 0.026041666666666668
10 0.72265625 0.984375 0.01953125 0.026041666666666668
3 0.1748046875 0.024739583333333332 0.01953125 0.026041666666666668
4 0.20703125 0.97265625 0.01953125 0.026041666666666668
5 0.65234375 0.018229166666666668 0.01953125 0.026041666666666668
6 0.68359375 0.98828125 0.01953125 0.026041666666666668
7 0.5361328125 0.01171875 0.01953125 0.026041666666666668
8 0.5673828125 0.9752604166666666 0.01953125 0.026041666666666668
