1 0.071094 0.547222 0.025000 0.055556
1 0.641797 0.579861 0.025781 0.331944
1 0.615625 0.565278 0.021875 0.291667
1 0.498047 0.679861 0.019531 0.054167
1 0.474219 0.668750 0.023438 0.048611
1 0.372266 0.472222 0.017969 0.047222
1 0.359375 0.471528 0.015625 0.048611
1 0.354688 0.232639 0.015625 0.043056
1 0.366016 0.234028 0.016406 0.051389
1 0.522266 0.225694 0.025781 0.037500
0 0.116406 0.472222 0.159375 0.588889
2 0.2197265625 0.26939970717423134 0.01171875 0.032210834553440704
2 0.23828125 0.685212298682284 0.015625 0.029282576866764276
9 0.193359375 0.1493411420204978 0.01953125 0.029282576866764276
9 0.2275390625 0.7335285505124451 0.01953125 0.029282576866764276
3 0.2734375 0.11420204978038068 0.01953125 0.029282576866764276
4 0.2958984375 0.7862371888726208 0.01953125 0.029282576866764276
5 0.1943359375 0.1800878477306003 0.01953125 0.029282576866764276
6 0.224609375 0.7276720351390923 0.01953125 0.029282576866764276
7 0.0380859375 0.17130307467057102 0.01953125 0.029282576866764276
8 0.0791015625 0.7862371888726208 0.01953125 0.029282576866764276
