1 0.335547 0.428472 0.027344 0.076389
0 0.484766 0.436111 0.372656 0.641667
9 0.6666666666666666 0.087890625 0.052083333333333336 0.0390625
10 0.671875 0.76171875 0.052083333333333336 0.0390625
3 0.3046875 0.08984375 0.052083333333333336 0.0390625
4 0.2916666666666667 0.748046875 0.052083333333333336 0.0390625
5 0.640625 0.11328125 0.052083333333333336 0.0390625
6 0.6614583333333333 0.748046875 0.052083333333333336 0.0390625
7 0.3125 0.115234375 0.052083333333333336 0.0390625
8 0.3229166666666667 0.744140625 0.052083333333333336 0.0390625
