1 0.588672 0.597917 0.180469 0.148611
0 0.755469 0.510417 0.475000 0.979167
0 0.250000 0.523611 0.473437 0.952778
5 0.009765625 0.013020833333333334 0.01953125 0.026041666666666668
5 0.98828125 0.015625 0.01953125 0.026041666666666668
6 0.0078125 0.9895833333333334 0.01953125 0.026041666666666668
6 0.9892578125 0.9908854166666666 0.01953125 0.026041666666666668
7 0.50390625 0.006510416666666667 0.01953125 0.026041666666666668
7 0.529296875 0.014322916666666666 0.01953125 0.026041666666666668
8 0.455078125 0.9895833333333334 0.01953125 0.026041666666666668
8 0.4765625 0.9856770833333334 0.01953125 0.026041666666666668
