1 0.680859 0.546528 0.021094 0.031944
0 0.667969 0.390972 0.064062 0.351389
1 0.307813 0.561111 0.142188 0.022222
1 0.319531 0.700694 0.126563 0.026389
2 0.64501953125 0.30598958333333337 0.0068359375 0.028645833333333332
2 0.64697265625 0.501953125 0.0068359375 0.024739583333333332
9 0.6337890625 0.20442708333333334 0.01953125 0.026041666666666668
10 0.6376953125 0.5768229166666666 0.01953125 0.026041666666666668
3 0.705078125 0.17838541666666666 0.01953125 0.026041666666666668
4 0.70703125 0.56640625 0.01953125 0.026041666666666668
5 0.6455078125 0.22135416666666666 0.01953125 0.026041666666666668
6 0.6484375 0.5716145833333334 0.01953125 0.026041666666666668
7 0.6962890625 0.20572916666666666 0.01953125 0.026041666666666668
8 0.6943359375 0.56640625 0.01953125 0.026041666666666668
