1 0.510938 0.357639 0.031250 0.176389
1 0.512109 0.527778 0.033594 0.161111
0 0.443359 0.416667 0.080469 0.633333
9 0.4814453125 0.10416666666666667 0.01953125 0.026041666666666668
3 0.4052734375 0.09375 0.01953125 0.026041666666666668
4 0.41015625 0.765625 0.01953125 0.026041666666666668
5 0.48046875 0.13151041666666666 0.01953125 0.026041666666666668
6 0.478515625 0.7317708333333334 0.01953125 0.026041666666666668
7 0.41796875 0.11979166666666667 0.01953125 0.026041666666666668
8 0.4287109375 0.7486979166666666 0.01953125 0.026041666666666668
