0 0.341406 0.461111 0.157813 0.916667
1 0.404687 0.531250 0.035937 0.070833
1 0.655859 0.481250 0.033594 0.231944
1 0.652344 0.252083 0.029687 0.187500
1 0.783984 0.095139 0.022656 0.059722
1 0.918750 0.059722 0.031250 0.041667
1 0.735156 0.578472 0.035937 0.020833
9 0.2529296875 0.012152777777777778 0.01953125 0.034722222222222224
10 0.2587890625 0.9739583333333334 0.01953125 0.034722222222222224
3 0.4208984375 0.017361111111111112 0.01953125 0.034722222222222224
4 0.4248046875 0.9444444444444444 0.01953125 0.034722222222222224
5 0.26953125 0.015625 0.01953125 0.034722222222222224
6 0.28515625 0.9739583333333334 0.01953125 0.034722222222222224
7 0.4013671875 0.012152777777777778 0.01953125 0.034722222222222224
8 0.4033203125 0.9565972222222222 0.01953125 0.034722222222222224
