1 0.801953 0.154167 0.022656 0.044444
1 0.840625 0.145833 0.018750 0.036111
1 0.795313 0.690972 0.015625 0.037500
1 0.834375 0.692361 0.014062 0.037500
1 0.832422 0.745833 0.016406 0.027778
1 0.790625 0.735417 0.017188 0.031944
1 0.582031 0.644444 0.042188 0.038889
1 0.332422 0.606250 0.035156 0.031944
1 0.397266 0.220139 0.021094 0.029167
1 0.509766 0.203472 0.024219 0.026389
1 0.537109 0.195833 0.025781 0.027778
1 0.265234 0.638889 0.016406 0.022222
1 0.265234 0.689583 0.022656 0.023611
1 0.268359 0.756944 0.019531 0.027778
1 0.173438 0.620833 0.015625 0.025000
1 0.210547 0.585417 0.017969 0.018056
1 0.228125 0.586111 0.014062 0.027778
1 0.201953 0.252778 0.016406 0.022222
1 0.216797 0.250000 0.019531 0.027778
0 0.364844 0.554167 0.106250 0.488889
0 0.607813 0.569444 0.095312 0.633333
9 0.40625 0.2890625 0.01953125 0.026041666666666668
9 0.6572265625 0.26432291666666663 0.01953125 0.026041666666666668
7 0.3046875 0.2942708333333333 0.01953125 0.026041666666666668
7 0.556640625 0.26432291666666663 0.01953125 0.026041666666666668
8 0.3125 0.84375 0.01953125 0.026041666666666668
8 0.556640625 0.9361979166666667 0.01953125 0.026041666666666668
5 0.421875 0.3125 0.01953125 0.026041666666666668
6 0.423828125 0.7825520833333334 0.01953125 0.026041666666666668
