1 0.024609 0.451389 0.046094 0.233333
1 0.043750 0.700694 0.060938 0.229167
0 0.747656 0.331944 0.021875 0.236111
9 0.7392578125 0.21614583333333334 0.01953125 0.026041666666666668
10 0.7294921875 0.46484375 0.01953125 0.026041666666666668
3 0.76953125 0.20442708333333334 0.01953125 0.026041666666666668
4 0.7578125 0.4856770833333333 0.01953125 0.026041666666666668
5 0.7431640625 0.23177083333333334 0.01953125 0.026041666666666668
6 0.734375 0.453125 0.01953125 0.026041666666666668
7 0.7666015625 0.22526041666666669 0.01953125 0.026041666666666668
8 0.7578125 0.47135416666666663 0.01953125 0.026041666666666668
