1 0.573438 0.378472 0.017188 0.101389
1 0.596094 0.805556 0.017188 0.097222
1 0.647656 0.698611 0.065625 0.025000
1 0.517187 0.713194 0.070312 0.029167
1 0.567578 0.800694 0.017969 0.098611
1 0.218750 0.823611 0.015625 0.100000
1 0.141016 0.729167 0.086719 0.030556
1 0.341016 0.156250 0.069531 0.029167
0 0.881250 0.502778 0.228125 0.925000
9 0.8359375 0.010416666666666666 0.01953125 0.026041666666666668
10 0.8095703125 0.9895833333333334 0.01953125 0.026041666666666668
4 0.9892578125 0.96875 0.01953125 0.026041666666666668
5 0.86328125 0.009114583333333334 0.01953125 0.026041666666666668
6 0.837890625 0.9674479166666666 0.01953125 0.026041666666666668
7 0.9951171875 0.005208333333333333 0.01953125 0.026041666666666668
8 0.9931640625 0.9401041666666666 0.01953125 0.026041666666666668
