1 0.835547 0.500000 0.032031 0.272222
1 0.834766 0.739583 0.025781 0.181944
1 0.706250 0.698611 0.165625 0.094444
1 0.693359 0.871528 0.030469 0.026389
1 0.559766 0.779167 0.021094 0.025000
1 0.485156 0.733333 0.017188 0.027778
1 0.481250 0.565972 0.018750 0.026389
1 0.966797 0.049306 0.021094 0.031944
1 0.933984 0.058333 0.013281 0.027778
1 0.023828 0.505556 0.022656 0.033333
0 0.068750 0.475694 0.098438 0.365278
1 0.739453 0.195139 0.014844 0.043056
1 0.719531 0.203472 0.020312 0.029167
9 0.1376953125 0.28257686676427524 0.01953125 0.029282576866764276
3 0.005859375 0.26061493411420206 0.01953125 0.029282576866764276
4 0.0009765625 0.6822840409956077 0.01953125 0.029282576866764276
5 0.12890625 0.30600292825768666 0.01953125 0.029282576866764276
7 0.013671875 0.2767203513909224 0.01953125 0.029282576866764276
8 0.01171875 0.6691068814055636 0.01953125 0.029282576866764276
