1 0.610937 0.497222 0.023438 0.025000
1 0.609766 0.530556 0.017969 0.019444
1 0.611719 0.559722 0.020312 0.019444
1 0.610156 0.590278 0.020312 0.025000
1 0.609766 0.620833 0.021094 0.025000
1 0.755078 0.531250 0.007031 0.034722
1 0.868750 0.552778 0.007812 0.038889
1 0.872266 0.334722 0.011719 0.038889
1 0.779688 0.328472 0.014062 0.034722
1 0.576953 0.315278 0.010156 0.027778
1 0.564844 0.314583 0.009375 0.031944
1 0.287109 0.189583 0.013281 0.034722
1 0.200391 0.188194 0.017969 0.040278
1 0.093359 0.522222 0.022656 0.041667
1 0.214062 0.525000 0.035937 0.183333
1 0.298828 0.479861 0.019531 0.170833
1 0.310156 0.322917 0.012500 0.029167
1 0.320312 0.320833 0.010937 0.027778
1 0.361719 0.312500 0.012500 0.027778
1 0.350781 0.501389 0.010937 0.027778
1 0.356250 0.493056 0.014062 0.036111
1 0.436719 0.476389 0.014062 0.038889
1 0.448438 0.481944 0.014062 0.030556
0 0.991016 0.589583 0.017969 0.540278
9 0.984375 0.17124394184168013 0.01953125 0.03231017770597738
10 0.939453125 0.7705977382875606 0.01953125 0.03231017770597738
6 0.953125 0.7964458804523424 0.01953125 0.03231017770597738
7 0.998046875 0.6106623586429726 0.01953125 0.03231017770597738
8 0.9931640625 0.9095315024232633 0.01953125 0.03231017770597738
4 0.9970703125 0.9789983844911146 0.01953125 0.03231017770597738
5 0.9970703125 0.2633279483037157 0.01953125 0.03231017770597738
