1 0.910156 0.059722 0.020312 0.033333
1 0.930859 0.060417 0.016406 0.034722
0 0.845703 0.122917 0.113281 0.226389
0 0.957031 0.129861 0.085938 0.231944
1 0.426953 0.050000 0.013281 0.055556
1 0.257031 0.046528 0.021875 0.048611
1 0.080469 0.084722 0.017188 0.025000
0 0.059766 0.134028 0.085156 0.181944
2 0.78955078125 0.04622395833333333 0.0068359375 0.016927083333333332
2 0.7861328125 0.19010416666666669 0.0078125 0.018229166666666668
9 0.7724609375 0.0013020833333333333 0.01953125 0.026041666666666668
10 0.765625 0.22786458333333334 0.01953125 0.026041666666666668
5 0.7900390625 0.005208333333333333 0.01953125 0.026041666666666668
5 0.994140625 0.009114583333333334 0.01953125 0.026041666666666668
6 0.779296875 0.22265625 0.01953125 0.026041666666666668
6 0.994140625 0.23697916666666666 0.01953125 0.026041666666666668
7 0.91796875 0.006510416666666667 0.01953125 0.026041666666666668
7 0.9345703125 0.005208333333333333 0.01953125 0.026041666666666668
8 0.900390625 0.22916666666666666 0.01953125 0.026041666666666668
8 0.91796875 0.23307291666666666 0.01953125 0.026041666666666668
5 0.0078125 0.0026041666666666665 0.01953125 0.026041666666666668
6 0.037109375 0.21875 0.01953125 0.026041666666666668
7 0.076171875 0.005208333333333333 0.01953125 0.026041666666666668
8 0.099609375 0.22135416666666666 0.01953125 0.026041666666666668
