1 0.751562 0.605556 0.081250 0.058333
0 0.555078 0.552083 0.488281 0.751389
9 0.10755813953488372 0.11923076923076924 0.05813953488372093 0.038461538461538464
10 0.2877906976744186 0.9673076923076923 0.05813953488372093 0.038461538461538464
3 0.8313953488372093 0.06923076923076923 0.05813953488372093 0.038461538461538464
4 0.877906976744186 0.9596153846153846 0.05813953488372093 0.038461538461538464
5 0.18604651162790697 0.17115384615384616 0.05813953488372093 0.038461538461538464
6 0.3488372093023256 0.9288461538461539 0.05813953488372093 0.038461538461538464
7 0.7761627906976745 0.12307692307692308 0.05813953488372093 0.038461538461538464
8 0.8197674418604651 0.9192307692307692 0.05813953488372093 0.038461538461538464
