1 0.723437 0.556250 0.078125 0.037500
0 0.508203 0.493750 0.522656 0.756944
9 0.17575757575757575 0.07539682539682539 0.06060606060606061 0.03968253968253968
10 0.2606060606060606 0.9047619047619048 0.06060606060606061 0.03968253968253968
3 0.8727272727272727 0.07539682539682539 0.06060606060606061 0.03968253968253968
4 0.8181818181818182 0.876984126984127 0.06060606060606061 0.03968253968253968
5 0.24545454545454545 0.13293650793650794 0.06060606060606061 0.03968253968253968
6 0.3181818181818182 0.8650793650793651 0.06060606060606061 0.03968253968253968
7 0.7666666666666667 0.13095238095238096 0.06060606060606061 0.03968253968253968
8 0.7393939393939394 0.8392857142857143 0.06060606060606061 0.03968253968253968
