1 0.403906 0.606944 0.085938 0.055556
0 0.532812 0.477778 0.364062 0.777778
9 0.7800925925925926 0.0798611111111111 0.046296296296296294 0.034722222222222224
10 0.7453703703703703 0.8246527777777778 0.046296296296296294 0.034722222222222224
3 0.2708333333333333 0.017361111111111112 0.046296296296296294 0.034722222222222224
4 0.3680555555555556 0.9722222222222222 0.046296296296296294 0.034722222222222224
5 0.7175925925925926 0.11284722222222222 0.046296296296296294 0.034722222222222224
6 0.7013888888888888 0.8246527777777778 0.046296296296296294 0.034722222222222224
7 0.30787037037037035 0.05381944444444445 0.046296296296296294 0.034722222222222224
8 0.3912037037037037 0.9496527777777778 0.046296296296296294 0.034722222222222224
