1 0.195312 0.739583 0.096875 0.068056
0 0.384375 0.597222 0.526563 0.752778
2 0.7037037037037037 0.40625 0.037037037037037035 0.0763888888888889
2 0.6909722222222223 0.7803819444444444 0.034722222222222224 0.06770833333333333
9 0.6898148148148148 0.19270833333333334 0.046296296296296294 0.034722222222222224
10 0.6643518518518519 0.9774305555555556 0.046296296296296294 0.034722222222222224
3 0.08796296296296297 0.2048611111111111 0.046296296296296294 0.034722222222222224
4 0.12037037037037036 0.9878472222222222 0.046296296296296294 0.034722222222222224
5 0.6412037037037037 0.2152777777777778 0.046296296296296294 0.034722222222222224
6 0.625 0.9826388888888888 0.046296296296296294 0.034722222222222224
7 0.13194444444444445 0.2326388888888889 0.046296296296296294 0.034722222222222224
8 0.16666666666666666 0.9774305555555556 0.046296296296296294 0.034722222222222224
