1 0.204688 0.536806 0.078125 0.048611
0 0.487891 0.518750 0.644531 0.731944
9 0.792156862745098 0.04318181818181818 0.0392156862745098 0.022727272727272728
10 0.8411764705882353 0.9045454545454545 0.0392156862745098 0.022727272727272728
3 0.01764705882352941 0.11363636363636363 0.0392156862745098 0.022727272727272728
4 0.13725490196078433 0.85 0.0392156862745098 0.022727272727272728
5 0.7529411764705882 0.08977272727272727 0.0392156862745098 0.022727272727272728
6 0.792156862745098 0.8738636363636364 0.0392156862745098 0.022727272727272728
7 0.10784313725490197 0.15 0.0392156862745098 0.022727272727272728
8 0.22941176470588234 0.8227272727272728 0.0392156862745098 0.022727272727272728
