1 0.192188 0.763194 0.107813 0.043056
0 0.453906 0.631944 0.665625 0.736111
9 0.8947368421052632 0.25961538461538464 0.07017543859649122 0.038461538461538464
10 0.8350877192982457 0.9769230769230769 0.07017543859649122 0.038461538461538464
3 0.07368421052631578 0.26153846153846155 0.07017543859649122 0.038461538461538464
4 0.04912280701754386 0.9903846153846154 0.07017543859649122 0.038461538461538464
5 0.8315789473684211 0.27115384615384613 0.07017543859649122 0.038461538461538464
6 0.7929824561403509 0.9942307692307693 0.07017543859649122 0.038461538461538464
7 0.12280701754385964 0.27115384615384613 0.07017543859649122 0.038461538461538464
8 0.11228070175438597 0.9903846153846154 0.07017543859649122 0.038461538461538464
