1 0.297266 0.578472 0.055469 0.040278
0 0.421875 0.540972 0.273438 0.759722
2 0.5775462962962963 0.19618055555555555 0.03009259259259259 0.0763888888888889
2 0.5925925925925927 0.5876736111111112 0.041666666666666664 0.057291666666666664
2 0.5995370370370371 0.9105902777777778 0.041666666666666664 0.06770833333333333
9 0.5949074074074074 0.04513888888888889 0.046296296296296294 0.034722222222222224
10 0.6203703703703703 0.9861111111111112 0.046296296296296294 0.034722222222222224
3 0.22685185185185183 0.1579861111111111 0.046296296296296294 0.034722222222222224
4 0.2986111111111111 0.84375 0.046296296296296294 0.034722222222222224
5 0.5694444444444444 0.078125 0.046296296296296294 0.034722222222222224
6 0.5972222222222222 0.9809027777777778 0.046296296296296294 0.034722222222222224
7 0.2569444444444445 0.171875 0.046296296296296294 0.034722222222222224
8 0.32407407407407407 0.8559027777777778 0.046296296296296294 0.034722222222222224
