1 0.826953 0.634722 0.108594 0.075000
0 0.571484 0.595139 0.649219 0.704167
9 0.10984848484848485 0.20883534136546184 0.07575757575757576 0.040160642570281124
10 0.24242424242424243 0.9236947791164659 0.07575757575757576 0.040160642570281124
3 0.9128787878787878 0.17670682730923695 0.07575757575757576 0.040160642570281124
4 0.9734848484848485 0.9578313253012049 0.07575757575757576 0.040160642570281124
2 0.21212121212121213 0.37650602409638556 0.06060606060606061 0.06224899598393574
2 0.2272727272727273 0.5582329317269076 0.045454545454545456 0.04819277108433735
2 0.2784090909090909 0.7590361445783133 0.056818181818181816 0.060240963855421686
2 0.3049242424242424 0.9096385542168675 0.04924242424242424 0.04819277108433735
5 0.16666666666666666 0.23694779116465864 0.07575757575757576 0.040160642570281124
6 0.3068181818181818 0.9216867469879518 0.07575757575757576 0.040160642570281124
7 0.8636363636363636 0.20281124497991967 0.07575757575757576 0.040160642570281124
8 0.9090909090909091 0.9397590361445783 0.07575757575757576 0.040160642570281124
