1 0.824219 0.586806 0.112500 0.056944
0 0.553906 0.534722 0.690625 0.711111
2 0.19670542635658916 0.3215042372881356 0.040697674418604654 0.05614406779661017
2 0.22189922480620156 0.5222457627118644 0.03682170542635659 0.05296610169491525
2 0.23837209302325582 0.7235169491525424 0.03488372093023256 0.057203389830508475
2 0.25 0.9004237288135594 0.023255813953488372 0.05084745762711865
9 0.12790697674418605 0.15148305084745764 0.03875968992248062 0.0211864406779661
10 0.2131782945736434 0.9173728813559322 0.03875968992248062 0.0211864406779661
3 0.9166666666666666 0.1483050847457627 0.03875968992248062 0.0211864406779661
4 0.9244186046511628 0.8940677966101694 0.03875968992248062 0.0211864406779661
5 0.1744186046511628 0.18114406779661016 0.03875968992248062 0.0211864406779661
6 0.2596899224806202 0.9067796610169492 0.03875968992248062 0.0211864406779661
7 0.8662790697674418 0.17584745762711865 0.03875968992248062 0.0211864406779661
8 0.877906976744186 0.8866525423728814 0.03875968992248062 0.0211864406779661
