1 0.219922 0.822222 0.058594 0.066667
0 0.488672 0.582639 0.674219 0.834722
2 0.8552631578947368 0.38871715610510044 0.02982456140350877 0.08500772797527048
2 0.8614035087719298 0.8825347758887171 0.02456140350877193 0.0865533230293663
9 0.8421052631578947 0.1267387944358578 0.03508771929824561 0.030911901081916538
10 0.8631578947368421 0.990726429675425 0.03508771929824561 0.030911901081916538
3 0.12456140350877193 0.14219474497681608 0.03508771929824561 0.030911901081916538
4 0.14210526315789473 0.9783616692426584 0.03508771929824561 0.030911901081916538
5 0.7964912280701755 0.16383307573415765 0.03508771929824561 0.030911901081916538
6 0.8175438596491228 0.9768160741885626 0.03508771929824561 0.030911901081916538
7 0.16666666666666666 0.18238021638330756 0.03508771929824561 0.030911901081916538
8 0.1912280701754386 0.9799072642967542 0.03508771929824561 0.030911901081916538
