1 0.172266 0.629167 0.096094 0.050000
0 0.361719 0.536806 0.537500 0.918056
2 0.6997455470737913 0.26622137404580154 0.02544529262086514 0.06679389312977099
2 0.678117048346056 0.6708015267175572 0.03307888040712468 0.07442748091603053
2 0.6743002544529262 0.9933206106870229 0.04071246819338423 0.06297709923664122
9 0.7048346055979644 0.061068702290076333 0.05089058524173028 0.03816793893129771
10 0.638676844783715 0.9885496183206107 0.05089058524173028 0.03816793893129771
3 0.05343511450381679 0.04580152671755725 0.05089058524173028 0.03816793893129771
4 0.089058524173028 0.9751908396946565 0.05089058524173028 0.03816793893129771
5 0.6539440203562341 0.08587786259541985 0.05089058524173028 0.03816793893129771
6 0.5903307888040712 0.9809160305343512 0.05089058524173028 0.03816793893129771
7 0.09669211195928754 0.08206106870229007 0.05089058524173028 0.03816793893129771
8 0.1450381679389313 0.9790076335877863 0.05089058524173028 0.03816793893129771
