1 0.794922 0.656250 0.119531 0.048611
0 0.578516 0.558333 0.607031 0.872222
2 0.24594594594594596 0.2282986111111111 0.03783783783783784 0.0642361111111111
2 0.2810810810810811 0.5729166666666667 0.043243243243243246 0.04861111111111111
2 0.31351351351351353 0.890625 0.02702702702702703 0.052083333333333336
9 0.22702702702702704 0.10069444444444445 0.05405405405405406 0.034722222222222224
10 0.3108108108108108 0.9635416666666667 0.05405405405405406 0.034722222222222224
3 0.9270270270270271 0.03298611111111111 0.05405405405405406 0.034722222222222224
4 0.9027027027027028 0.9861111111111112 0.05405405405405406 0.034722222222222224
5 0.2594594594594595 0.11979166666666666 0.05405405405405406 0.034722222222222224
6 0.34594594594594597 0.967013888888889 0.05405405405405406 0.034722222222222224
7 0.8918918918918919 0.05555555555555556 0.05405405405405406 0.034722222222222224
8 0.8594594594594596 0.984375 0.05405405405405406 0.034722222222222224
