1 0.253516 0.590278 0.128906 0.050000
0 0.480469 0.495139 0.723437 0.754167
9 0.9607843137254902 0.12880143112701253 0.0784313725490196 0.03577817531305903
10 0.8862745098039215 0.8676207513416816 0.0784313725490196 0.03577817531305903
3 0.06274509803921569 0.07155635062611806 0.0784313725490196 0.03577817531305903
4 0.13725490196078433 0.9463327370304114 0.0784313725490196 0.03577817531305903
5 0.8862745098039215 0.1592128801431127 0.0784313725490196 0.03577817531305903
6 0.8196078431372549 0.851520572450805 0.0784313725490196 0.03577817531305903
7 0.1450980392156863 0.11270125223613596 0.0784313725490196 0.03577817531305903
8 0.20392156862745098 0.9051878354203936 0.0784313725490196 0.03577817531305903
