1 0.837109 0.587500 0.089844 0.061111
0 0.621484 0.503472 0.549219 0.837500
2 0.33819241982507287 0.17731958762886596 0.03498542274052478 0.07010309278350516
2 0.3527696793002915 0.5360824742268041 0.03498542274052478 0.05360824742268041
2 0.37317784256559766 0.8567010309278351 0.03498542274052478 0.05567010309278351
9 0.314868804664723 0.0577319587628866 0.05830903790087463 0.041237113402061855
10 0.37317784256559766 0.9422680412371134 0.05830903790087463 0.041237113402061855
3 0.9329446064139941 0.04329896907216495 0.05830903790087463 0.041237113402061855
4 0.912536443148688 0.9381443298969072 0.05830903790087463 0.041237113402061855
5 0.358600583090379 0.08247422680412371 0.05830903790087463 0.041237113402061855
6 0.4052478134110787 0.9298969072164949 0.05830903790087463 0.041237113402061855
7 0.9096209912536443 0.06804123711340206 0.05830903790087463 0.041237113402061855
8 0.880466472303207 0.9402061855670103 0.05830903790087463 0.041237113402061855
