1 0.282031 0.595833 0.120312 0.055556
0 0.550391 0.517361 0.717969 0.837500
9 0.9370786516853933 0.0481786133960047 0.0449438202247191 0.023501762632197415
10 0.9617977528089887 0.9306698002350177 0.0449438202247191 0.023501762632197415
3 0.03146067415730337 0.045828437132784956 0.0449438202247191 0.023501762632197415
4 0.18876404494382024 0.9847238542890717 0.0449438202247191 0.023501762632197415
5 0.8808988764044945 0.08108108108108109 0.0449438202247191 0.023501762632197415
6 0.9191011235955056 0.927144535840188 0.0449438202247191 0.023501762632197415
7 0.10561797752808989 0.07520564042303172 0.0449438202247191 0.023501762632197415
8 0.251685393258427 0.9623971797884842 0.0449438202247191 0.023501762632197415
