1 0.360938 0.786806 0.140625 0.076389
0 0.526563 0.537500 0.568750 0.925000
2 0.8775303643724696 0.34780092592592593 0.03441295546558704 0.06365740740740741
2 0.8562753036437247 0.7002314814814815 0.024291497975708502 0.05324074074074074
2 0.8451417004048583 1.0208333333333335 0.030364372469635626 0.046296296296296294
9 0.8481781376518218 0.16666666666666666 0.04048582995951417 0.023148148148148147
10 0.8299595141700404 0.9942129629629629 0.04048582995951417 0.023148148148148147
3 0.20647773279352227 0.05324074074074074 0.04048582995951417 0.023148148148148147
4 0.22064777327935223 0.9884259259259259 0.04048582995951417 0.023148148148148147
5 0.8157894736842105 0.18171296296296297 0.04048582995951417 0.023148148148148147
6 0.7874493927125507 0.9884259259259259 0.04048582995951417 0.023148148148148147
7 0.242914979757085 0.09027777777777778 0.04048582995951417 0.023148148148148147
8 0.2631578947368421 0.9872685185185185 0.04048582995951417 0.023148148148148147
