1 0.233594 0.753472 0.093750 0.059722
0 0.466797 0.570139 0.599219 0.859722
9 0.8865740740740741 0.0017361111111111119 0.046296296296296294 0.034722222222222224
10 0.8125 0.9930555555555556 0.046296296296296294 0.034722222222222224
3 0.06944444444444445 0.0763888888888889 0.046296296296296294 0.034722222222222224
4 0.12962962962962962 0.9913194444444445 0.046296296296296294 0.034722222222222224
5 0.8310185185185185 0.04513888888888889 0.046296296296296294 0.034722222222222224
6 0.7685185185185185 0.9965277777777778 0.046296296296296294 0.034722222222222224
7 0.1597222222222222 0.13194444444444445 0.046296296296296294 0.034722222222222224
8 0.2037037037037037 0.9965277777777778 0.046296296296296294 0.034722222222222224
