1 0.334766 0.689583 0.102344 0.043056
0 0.522266 0.555556 0.521094 0.866667
9 0.8657407407407407 0.10069444444444445 0.046296296296296294 0.034722222222222224
10 0.8032407407407407 0.9861111111111112 0.046296296296296294 0.034722222222222224
3 0.19444444444444445 0.043402777777777776 0.046296296296296294 0.034722222222222224
4 0.2361111111111111 0.9791666666666666 0.046296296296296294 0.034722222222222224
5 0.7893518518518519 0.14583333333333334 0.046296296296296294 0.034722222222222224
6 0.7523148148148148 0.9861111111111112 0.046296296296296294 0.034722222222222224
7 0.26157407407407407 0.11458333333333333 0.046296296296296294 0.034722222222222224
8 0.29398148148148145 0.9739583333333334 0.046296296296296294 0.034722222222222224
