1 0.286328 0.576389 0.105469 0.058333
0 0.523438 0.513889 0.665625 0.813889
9 0.9236363636363636 0.0705244122965642 0.07272727272727272 0.03616636528028933
10 0.8909090909090909 0.9367088607594937 0.07272727272727272 0.03616636528028933
3 0.07272727272727272 0.0759493670886076 0.07272727272727272 0.03616636528028933
4 0.18545454545454546 0.9041591320072333 0.07272727272727272 0.03616636528028933
5 0.8472727272727273 0.11392405063291139 0.07272727272727272 0.03616636528028933
6 0.8218181818181818 0.9023508137432188 0.07272727272727272 0.03616636528028933
7 0.19272727272727272 0.1301989150090416 0.07272727272727272 0.03616636528028933
8 0.2727272727272727 0.8661844484629295 0.07272727272727272 0.03616636528028933
