1 0.230078 0.611111 0.042969 0.041667
0 0.277344 0.547222 0.178125 0.863889
9 0.3515625 0.006944444444444444 0.017361111111111112 0.023148148148148147
10 0.3897569444444444 0.9884259259259259 0.017361111111111112 0.023148148148148147
3 0.14322916666666666 0.08333333333333333 0.017361111111111112 0.023148148148148147
4 0.2074652777777778 0.9479166666666666 0.017361111111111112 0.023148148148148147
5 0.3376736111111111 0.052083333333333336 0.017361111111111112 0.023148148148148147
6 0.3776041666666667 0.9907407407407407 0.017361111111111112 0.023148148148148147
7 0.1909722222222222 0.11805555555555555 0.017361111111111112 0.023148148148148147
8 0.24479166666666666 0.9398148148148148 0.017361111111111112 0.023148148148148147
