1 0.755469 0.660417 0.093750 0.065278
0 0.500781 0.576389 0.646875 0.847222
9 0.028169014084507043 0.09494949494949495 0.056338028169014086 0.04040404040404041
10 0.14929577464788732 0.991919191919192 0.056338028169014086 0.04040404040404041
3 0.9154929577464789 0.05252525252525253 0.056338028169014086 0.04040404040404041
4 0.9014084507042253 0.9818181818181818 0.056338028169014086 0.04040404040404041
5 0.1267605633802817 0.1414141414141414 0.056338028169014086 0.04040404040404041
6 0.21690140845070421 0.9858585858585859 0.056338028169014086 0.04040404040404041
7 0.8056338028169013 0.15151515151515152 0.056338028169014086 0.04040404040404041
8 0.7999999999999999 0.991919191919192 0.056338028169014086 0.04040404040404041
