1 0.648438 0.568056 0.064062 0.038889
0 0.455469 0.547222 0.487500 0.752778
9 0.08571428571428572 0.12736842105263158 0.031746031746031744 0.021052631578947368
10 0.24761904761904763 0.9842105263157894 0.031746031746031744 0.021052631578947368
3 0.7015873015873015 0.13473684210526315 0.031746031746031744 0.021052631578947368
4 0.7777777777777778 0.8778947368421053 0.031746031746031744 0.021052631578947368
5 0.13968253968253969 0.16736842105263158 0.031746031746031744 0.021052631578947368
6 0.27936507936507937 0.9557894736842105 0.031746031746031744 0.021052631578947368
7 0.6444444444444445 0.1694736842105263 0.031746031746031744 0.021052631578947368
8 0.7142857142857143 0.8610526315789474 0.031746031746031744 0.021052631578947368
