1 0.235156 0.522222 0.059375 0.050000
0 0.492188 0.487500 0.582812 0.816667
2 0.9570484581497798 0.2727272727272727 0.024229074889867842 0.062266500622665005
2 0.8777533039647577 0.5909090909090909 0.019823788546255508 0.05105853051058531
2 0.8270925110132159 0.864881693648817 0.028634361233480177 0.048567870485678705
9 0.9801762114537445 0.0784557907845579 0.04405286343612335 0.024906600249066
10 0.7907488986784141 0.8904109589041096 0.04405286343612335 0.024906600249066
3 0.18061674008810572 0.0460772104607721 0.04405286343612335 0.024906600249066
4 0.13876651982378854 0.8729763387297634 0.04405286343612335 0.024906600249066
5 0.9251101321585903 0.10211706102117062 0.04405286343612335 0.024906600249066
6 0.7444933920704846 0.8754669987546699 0.04405286343612335 0.024906600249066
7 0.22246696035242292 0.07721046077210461 0.04405286343612335 0.024906600249066
8 0.19162995594713655 0.8605230386052304 0.04405286343612335 0.024906600249066
