1 0.666016 0.540278 0.078906 0.061111
0 0.444531 0.450694 0.550000 0.759722
9 0.042483660130718956 0.007272727272727273 0.06535947712418301 0.03636363636363636
10 0.19281045751633988 0.9709090909090909 0.06535947712418301 0.03636363636363636
3 0.7679738562091504 0.05090909090909091 0.06535947712418301 0.03636363636363636
4 0.7450980392156863 0.8345454545454546 0.06535947712418301 0.03636363636363636
5 0.09477124183006536 0.04 0.06535947712418301 0.03636363636363636
6 0.238562091503268 0.9181818181818182 0.06535947712418301 0.03636363636363636
7 0.6862745098039216 0.1 0.06535947712418301 0.03636363636363636
8 0.6928104575163399 0.8218181818181818 0.06535947712418301 0.03636363636363636
