1 0.171094 0.705556 0.089062 0.044444
0 0.409375 0.566667 0.578125 0.866667
9 0.7692307692307693 0.060117302052785926 0.03139717425431711 0.02932551319648094
10 0.7205651491365777 0.9897360703812317 0.03139717425431711 0.02932551319648094
3 0.03767660910518053 0.07624633431085044 0.03139717425431711 0.02932551319648094
4 0.058084772370486655 0.9824046920821115 0.03139717425431711 0.02932551319648094
5 0.7205651491365777 0.10703812316715543 0.03139717425431711 0.02932551319648094
6 0.6875981161695447 0.9912023460410557 0.03139717425431711 0.02932551319648094
7 0.12087912087912088 0.12023460410557185 0.03139717425431711 0.02932551319648094
8 0.13343799058084774 0.9824046920821115 0.03139717425431711 0.02932551319648094
