0 0.304297 0.356944 0.052344 0.144444
1 0.802734 0.565972 0.016406 0.029167
1 0.987891 0.383333 0.021094 0.036111
1 0.888281 0.583333 0.018750 0.033333
1 0.991406 0.632639 0.017188 0.023611
1 0.938281 0.666667 0.015625 0.033333
1 0.918750 0.656944 0.017188 0.030556
2 0.33447265625 0.3382352941176471 0.0068359375 0.020588235294117647
9 0.3271484375 0.2647058823529412 0.01953125 0.029411764705882353
3 0.2734375 0.27794117647058825 0.01953125 0.029411764705882353
5 0.32421875 0.2867647058823529 0.01953125 0.029411764705882353
6 0.328125 0.4294117647058823 0.01953125 0.029411764705882353
7 0.283203125 0.29558823529411765 0.01953125 0.029411764705882353
8 0.296875 0.4338235294117647 0.01953125 0.029411764705882353
