0 0.494922 0.552083 0.244531 0.737500
0 0.736328 0.556250 0.208594 0.704167
1 0.925391 0.475694 0.016406 0.076389
0 0.954687 0.498611 0.090625 0.488889
9 0.3463541666666667 0.16015625 0.052083333333333336 0.0390625
9 0.8828125 0.2109375 0.052083333333333336 0.0390625
10 0.34375 0.962890625 0.052083333333333336 0.0390625
10 0.8697916666666666 0.88671875 0.052083333333333336 0.0390625
5 0.3828125 0.1875 0.052083333333333336 0.0390625
5 0.84375 0.220703125 0.052083333333333336 0.0390625
6 0.390625 0.94921875 0.052083333333333336 0.0390625
6 0.8385416666666666 0.888671875 0.052083333333333336 0.0390625
7 0.6171875 0.19921875 0.052083333333333336 0.0390625
7 0.65625 0.19921875 0.052083333333333336 0.0390625
8 0.5911458333333334 0.927734375 0.052083333333333336 0.0390625
8 0.6432291666666666 0.916015625 0.052083333333333336 0.0390625
