2 0.5687500000000001 0.20729166666666665 0.0375 0.08125
2 0.5687500000000001 0.79375 0.0375 0.07083333333333333
0 0.5414062500000001 0.5125 0.0140625 0.8083333333333333
1 0.55234375 0.5541666666666667 0.0203125 0.0375
1 0.51484375 0.5458333333333334 0.0140625 0.03333333333333333
9 0.578125 0.11458333333333333 0.03125 0.041666666666666664
10 0.5796875 0.89375 0.03125 0.041666666666666664
3 0.2578125 0.09583333333333334 0.03125 0.041666666666666664
4 0.2625 0.9041666666666667 0.03125 0.041666666666666664
5 0.5484375 0.17708333333333334 0.03125 0.041666666666666664
6 0.5515625 0.91875 0.03125 0.041666666666666664
7 0.5390625 0.022916666666666665 0.03125 0.041666666666666664
8 0.5375 0.98125 0.03125 0.041666666666666664
