0 0.428125 0.484375 0.240625 0.7479166666666667
1 0.3234375 0.5375 0.040625 0.05416666666666667
2 0.56328125 0.19270833333333334 0.0390625 0.07708333333333334
2 0.5765625000000001 0.7635416666666667 0.0375 0.06458333333333334
9 0.578125 0.09583333333333334 0.03125 0.041666666666666664
10 0.5859375 0.85 0.03125 0.041666666666666664
3 0.2578125 0.09166666666666666 0.03125 0.041666666666666664
4 0.278125 0.8895833333333333 0.03125 0.041666666666666664
5 0.5359375 0.13333333333333333 0.03125 0.041666666666666664
6 0.55 0.86875 0.03125 0.041666666666666664
7 0.3046875 0.0875 0.03125 0.041666666666666664
8 0.3140625 0.9166666666666666 0.03125 0.041666666666666664
