0 0.45703125 0.4708333333333333 0.2453125 0.7833333333333333
1 0.34843749999999996 0.5270833333333333 0.04375 0.05416666666666667
2 0.6023437500000001 0.16770833333333335 0.0421875 0.07708333333333334
2 0.6109375 0.7645833333333333 0.04375 0.075
9 0.6109375 0.06041666666666667 0.03125 0.041666666666666664
10 0.61875 0.8541666666666666 0.03125 0.041666666666666664
3 0.28125 0.06041666666666667 0.03125 0.041666666666666664
4 0.2984375 0.8875 0.03125 0.041666666666666664
5 0.5671875 0.09791666666666667 0.03125 0.041666666666666664
6 0.5796875 0.85625 0.03125 0.041666666666666664
7 0.3296875 0.05416666666666667 0.03125 0.041666666666666664
8 0.3359375 0.90625 0.03125 0.041666666666666664
