2 0.55703125 0.22604166666666667 0.0390625 0.06458333333333334
2 0.5671875 0.796875 0.040625 0.06875
0 0.4609375 0.53125 0.1625 0.7541666666666667
1 0.4015625 0.5583333333333333 0.040625 0.04583333333333333
9 0.5703125 0.12708333333333333 0.03125 0.041666666666666664
10 0.5828125 0.9 0.03125 0.041666666666666664
3 0.2515625 0.11458333333333333 0.03125 0.041666666666666664
4 0.265625 0.9083333333333333 0.03125 0.041666666666666664
5 0.528125 0.15 0.03125 0.041666666666666664
6 0.5421875 0.9125 0.03125 0.041666666666666664
7 0.3765625 0.04791666666666667 0.03125 0.041666666666666664
8 0.384375 0.9791666666666666 0.03125 0.041666666666666664
