0 0.4578125 0.4552083333333333 0.209375 0.7854166666666667
1 0.3765625 0.5145833333333334 0.05 0.07083333333333333
2 0.5859375 0.15729166666666666 0.046875 0.07708333333333334
2 0.590625 0.7447916666666667 0.046875 0.07708333333333334
9 0.596875 0.04375 0.03125 0.041666666666666664
10 0.6109375 0.8416666666666667 0.03125 0.041666666666666664
3 0.2671875 0.05416666666666667 0.03125 0.041666666666666664
4 0.2890625 0.8666666666666667 0.03125 0.041666666666666664
5 0.5546875 0.0875 0.03125 0.041666666666666664
6 0.5671875 0.8458333333333333 0.03125 0.041666666666666664
7 0.353125 0.025 0.03125 0.041666666666666664
8 0.3640625 0.9333333333333333 0.03125 0.041666666666666664
