0 0.428125 0.4895833333333333 0.253125 0.75
1 0.3265625 0.5427083333333333 0.046875 0.04791666666666667
2 0.565625 0.19479166666666667 0.0375 0.07291666666666667
2 0.5765625 0.765625 0.04375 0.07708333333333334
9 0.5765625 0.09375 0.03125 0.041666666666666664
10 0.5890625 0.85625 0.03125 0.041666666666666664
3 0.2625 0.09166666666666666 0.03125 0.041666666666666664
4 0.2796875 0.88125 0.03125 0.041666666666666664
5 0.5359375 0.12916666666666668 0.03125 0.041666666666666664
6 0.5546875 0.86875 0.03125 0.041666666666666664
7 0.30625 0.09375 0.03125 0.041666666666666664
8 0.31875 0.9041666666666667 0.03125 0.041666666666666664
