0 0.490625 0.509375 0.109375 0.7770833333333333
1 0.44375 0.5520833333333334 0.046875 0.058333333333333334
2 0.575 0.19895833333333335 0.040625 0.07708333333333334
2 0.5765625 0.7895833333333333 0.040625 0.075
9 0.5921875 0.09791666666666667 0.03125 0.041666666666666664
10 0.59375 0.8875 0.03125 0.041666666666666664
3 0.26875 0.09166666666666666 0.03125 0.041666666666666664
4 0.275 0.9 0.03125 0.041666666666666664
5 0.5484375 0.125 0.03125 0.041666666666666664
6 0.55 0.8958333333333334 0.03125 0.041666666666666664
7 0.4296875 0.022916666666666665 0.03125 0.041666666666666664
8 0.421875 0.9729166666666667 0.03125 0.041666666666666664
