0 0.52265625 0.5302083333333334 0.0390625 0.8104166666666667
1 0.5140625 0.5552083333333333 0.025 0.04791666666666667
1 0.48671875 0.5614583333333333 0.0296875 0.03125
2 0.5593750000000001 0.22083333333333333 0.034375 0.07083333333333333
2 0.5640625 0.8010416666666668 0.034375 0.06875
9 0.5734375 0.12083333333333333 0.03125 0.041666666666666664
10 0.578125 0.89375 0.03125 0.041666666666666664
3 0.2546875 0.1125 0.03125 0.041666666666666664
4 0.25625 0.9208333333333333 0.03125 0.041666666666666664
5 0.5375 0.14166666666666666 0.03125 0.041666666666666664
6 0.5421875 0.9208333333333333 0.03125 0.041666666666666664
7 0.5046875 0.03333333333333333 0.03125 0.041666666666666664
8 0.5109375 0.9791666666666666 0.03125 0.041666666666666664
