2 0.59765625 0.16666666666666666 0.0453125 0.07916666666666666
2 0.6062500000000001 0.7572916666666667 0.05 0.06458333333333334
0 0.45859375 0.4708333333333333 0.2359375 0.7833333333333333
1 0.34765625 0.521875 0.0484375 0.06458333333333334
9 0.6140625 0.075 0.03125 0.041666666666666664
10 0.625 0.8583333333333333 0.03125 0.041666666666666664
3 0.2828125 0.06875 0.03125 0.041666666666666664
4 0.296875 0.8854166666666666 0.03125 0.041666666666666664
5 0.5609375 0.09791666666666667 0.03125 0.041666666666666664
6 0.578125 0.8645833333333334 0.03125 0.041666666666666664
7 0.3296875 0.06041666666666667 0.03125 0.041666666666666664
8 0.3390625 0.9 0.03125 0.041666666666666664
