0 0.4875 0.5333333333333333 0.09375 0.7833333333333333
1 0.45781249999999996 0.5645833333333333 0.028125 0.05
2 0.55546875 0.23333333333333334 0.0359375 0.0625
2 0.56171875 0.8083333333333333 0.0390625 0.07083333333333333
9 0.5703125 0.13333333333333333 0.03125 0.041666666666666664
10 0.578125 0.90625 0.03125 0.041666666666666664
3 0.253125 0.12708333333333333 0.03125 0.041666666666666664
4 0.25625 0.9270833333333334 0.03125 0.041666666666666664
5 0.528125 0.15625 0.03125 0.041666666666666664
6 0.5390625 0.9270833333333334 0.03125 0.041666666666666664
7 0.446875 0.05 0.03125 0.041666666666666664
8 0.45 0.9708333333333333 0.03125 0.041666666666666664
