0 0.44765625 0.4895833333333333 0.1796875 0.7625
1 0.37968749999999996 0.5343749999999999 0.04375 0.052083333333333336
9 0.571875 0.10208333333333333 0.03125 0.041666666666666664
10 0.58125 0.8625 0.03125 0.041666666666666664
3 0.2546875 0.09791666666666667 0.03125 0.041666666666666664
4 0.2703125 0.8875 0.03125 0.041666666666666664
2 0.559375 0.19791666666666666 0.04375 0.07916666666666666
2 0.56953125 0.7760416666666667 0.0453125 0.07291666666666667
5 0.5296875 0.12291666666666666 0.03125 0.041666666666666664
6 0.5421875 0.875 0.03125 0.041666666666666664
7 0.3640625 0.041666666666666664 0.03125 0.041666666666666664
8 0.371875 0.9625 0.03125 0.041666666666666664
