0 0.48515625 0.5458333333333334 0.1078125 0.7833333333333333
1 0.44609375 0.5739583333333333 0.0328125 0.04791666666666667
2 0.55390625 0.23854166666666665 0.0390625 0.06875
2 0.55859375 0.8145833333333333 0.0421875 0.0625
9 0.56875 0.13958333333333334 0.03125 0.041666666666666664
10 0.578125 0.9083333333333333 0.03125 0.041666666666666664
3 0.25 0.13541666666666666 0.03125 0.041666666666666664
4 0.2609375 0.9395833333333333 0.03125 0.041666666666666664
5 0.5234375 0.16458333333333333 0.03125 0.041666666666666664
6 0.5359375 0.9291666666666667 0.03125 0.041666666666666664
7 0.4328125 0.05 0.03125 0.041666666666666664
8 0.434375 0.9666666666666667 0.03125 0.041666666666666664
