0 0.52578125 0.515625 0.0359375 0.8020833333333334
1 0.51953125 0.5447916666666667 0.0203125 0.052083333333333336
1 0.48046875 0.5395833333333334 0.0234375 0.03333333333333333
2 0.57265625 0.19791666666666669 0.0359375 0.07083333333333333
2 0.5703125 0.7864583333333334 0.04375 0.06875
9 0.5890625 0.09375 0.03125 0.041666666666666664
10 0.58125 0.8854166666666666 0.03125 0.041666666666666664
3 0.259375 0.07708333333333334 0.03125 0.041666666666666664
4 0.2625 0.8854166666666666 0.03125 0.041666666666666664
5 0.55 0.11458333333333333 0.03125 0.041666666666666664
6 0.5484375 0.90625 0.03125 0.041666666666666664
7 0.5109375 0.016666666666666666 0.03125 0.041666666666666664
8 0.509375 0.9791666666666666 0.03125 0.041666666666666664
