2 0.5632812500000001 0.18854166666666666 0.0421875 0.06458333333333334
2 0.57578125 0.7583333333333333 0.0390625 0.0625
0 0.428125 0.48125 0.240625 0.7458333333333333
1 0.33203125 0.5270833333333333 0.0421875 0.05416666666666667
9 0.5765625 0.08125 0.03125 0.041666666666666664
10 0.5890625 0.8541666666666666 0.03125 0.041666666666666664
3 0.259375 0.07916666666666666 0.03125 0.041666666666666664
4 0.2765625 0.8791666666666667 0.03125 0.041666666666666664
5 0.534375 0.11666666666666667 0.03125 0.041666666666666664
6 0.5515625 0.85625 0.03125 0.041666666666666664
7 0.3125 0.06458333333333334 0.03125 0.041666666666666664
8 0.3171875 0.9208333333333333 0.03125 0.041666666666666664
