0 0.51953125 0.546875 0.0578125 0.8104166666666667
1 0.50546875 0.553125 0.0328125 0.04791666666666667
1 0.47734374999999996 0.5583333333333333 0.0203125 0.03333333333333333
2 0.56640625 0.22395833333333331 0.0359375 0.06875
2 0.56875 0.8010416666666667 0.040625 0.07291666666666667
9 0.578125 0.12708333333333333 0.03125 0.041666666666666664
10 0.5859375 0.90625 0.03125 0.041666666666666664
3 0.25625 0.11458333333333333 0.03125 0.041666666666666664
4 0.265625 0.9166666666666666 0.03125 0.041666666666666664
5 0.540625 0.1375 0.03125 0.041666666666666664
6 0.546875 0.9270833333333334 0.03125 0.041666666666666664
7 0.5 0.035416666666666666 0.03125 0.041666666666666664
8 0.5015625 0.975 0.03125 0.041666666666666664
