0 0.48203124999999997 0.5427083333333333 0.1078125 0.78125
1 0.43984375 0.58125 0.0390625 0.05416666666666667
2 0.55625 0.23333333333333334 0.0375 0.07916666666666666
2 0.5617187499999999 0.8177083333333334 0.0359375 0.07708333333333334
9 0.5671875 0.14583333333333334 0.03125 0.041666666666666664
10 0.578125 0.9145833333333333 0.03125 0.041666666666666664
3 0.25 0.13333333333333333 0.03125 0.041666666666666664
4 0.2625 0.9395833333333333 0.03125 0.041666666666666664
5 0.528125 0.16458333333333333 0.03125 0.041666666666666664
6 0.534375 0.9291666666666667 0.03125 0.041666666666666664
7 0.4296875 0.06666666666666667 0.03125 0.041666666666666664
8 0.4390625 0.9791666666666666 0.03125 0.041666666666666664
