0 0.5265624999999999 0.540625 0.040625 0.8020833333333334
1 0.5125 0.5625 0.025 0.04583333333333333
1 0.484375 0.5645833333333333 0.028125 0.029166666666666667
2 0.56328125 0.21875 0.0390625 0.0625
2 0.56796875 0.8072916666666666 0.0421875 0.06041666666666667
9 0.575 0.11666666666666667 0.03125 0.041666666666666664
10 0.5828125 0.89375 0.03125 0.041666666666666664
3 0.2515625 0.1125 0.03125 0.041666666666666664
4 0.2609375 0.9208333333333333 0.03125 0.041666666666666664
5 0.5390625 0.14166666666666666 0.03125 0.041666666666666664
6 0.54375 0.91875 0.03125 0.041666666666666664
7 0.5078125 0.0375 0.03125 0.041666666666666664
8 0.509375 0.975 0.03125 0.041666666666666664
