0 0.53828125 0.5 0.0109375 0.8333333333333334
1 0.54765625 0.5572916666666666 0.0171875 0.03125
1 0.5148437499999999 0.5572916666666667 0.0203125 0.01875
9 0.5765625 0.10625 0.03125 0.041666666666666664
10 0.578125 0.9020833333333333 0.03125 0.041666666666666664
3 0.2515625 0.10208333333333333 0.03125 0.041666666666666664
4 0.253125 0.9166666666666666 0.03125 0.041666666666666664
5 0.5421875 0.1375 0.03125 0.041666666666666664
6 0.5453125 0.90625 0.03125 0.041666666666666664
7 0.5375 0.022916666666666665 0.03125 0.041666666666666664
8 0.5375 0.9645833333333333 0.03125 0.041666666666666664
2 0.5640624999999999 0.21354166666666669 0.040625 0.07291666666666667
2 0.56484375 0.8010416666666667 0.0328125 0.07708333333333334
