0 0.425 0.48125 0.24375 0.7458333333333333
1 0.31953125000000004 0.5229166666666667 0.0421875 0.05
2 0.5640625 0.184375 0.04375 0.07708333333333334
2 0.571875 0.7479166666666667 0.04375 0.06666666666666667
9 0.5765625 0.08125 0.03125 0.041666666666666664
10 0.59375 0.8479166666666667 0.03125 0.041666666666666664
3 0.2578125 0.07708333333333334 0.03125 0.041666666666666664
4 0.2828125 0.8770833333333333 0.03125 0.041666666666666664
5 0.534375 0.11041666666666666 0.03125 0.041666666666666664
6 0.553125 0.8479166666666667 0.03125 0.041666666666666664
7 0.3 0.09375 0.03125 0.041666666666666664
8 0.3140625 0.8791666666666667 0.03125 0.041666666666666664
