0 0.5398437500000001 0.5052083333333333 0.0109375 0.8229166666666666
1 0.54921875 0.5479166666666666 0.0203125 0.029166666666666667
1 0.51953125 0.5499999999999999 0.0234375 0.029166666666666667
2 0.56875 0.209375 0.034375 0.08125
2 0.56328125 0.79375 0.0359375 0.058333333333333334
9 0.5765625 0.10416666666666667 0.03125 0.041666666666666664
10 0.578125 0.8958333333333334 0.03125 0.041666666666666664
3 0.2546875 0.09791666666666667 0.03125 0.041666666666666664
4 0.2609375 0.9041666666666667 0.03125 0.041666666666666664
5 0.5484375 0.1375 0.03125 0.041666666666666664
6 0.5484375 0.90625 0.03125 0.041666666666666664
7 0.540625 0.01875 0.03125 0.041666666666666664
8 0.5421875 0.9708333333333333 0.03125 0.041666666666666664
