0 0.4578125 0.4614583333333333 0.25625 0.7895833333333333
1 0.3484375 0.515625 0.040625 0.05625
2 0.60859375 0.15104166666666669 0.0390625 0.07708333333333334
2 0.61484375 0.75 0.0359375 0.06666666666666667
9 0.6171875 0.05 0.03125 0.041666666666666664
10 0.625 0.8458333333333333 0.03125 0.041666666666666664
3 0.284375 0.04791666666666667 0.03125 0.041666666666666664
4 0.309375 0.8666666666666667 0.03125 0.041666666666666664
5 0.5734375 0.08125 0.03125 0.041666666666666664
6 0.5890625 0.8479166666666667 0.03125 0.041666666666666664
7 0.3328125 0.058333333333333334 0.03125 0.041666666666666664
8 0.3421875 0.8875 0.03125 0.041666666666666664
