0 0.46171874999999996 0.4614583333333333 0.1984375 0.7895833333333333
1 0.37890625 0.5114583333333333 0.0359375 0.06458333333333334
2 0.5867187500000001 0.1625 0.0453125 0.08333333333333333
2 0.59296875 0.7468750000000001 0.0421875 0.06875
9 0.6 0.04791666666666667 0.03125 0.041666666666666664
10 0.609375 0.8395833333333333 0.03125 0.041666666666666664
3 0.2703125 0.05625 0.03125 0.041666666666666664
4 0.290625 0.8708333333333333 0.03125 0.041666666666666664
5 0.55 0.08541666666666667 0.03125 0.041666666666666664
6 0.5671875 0.85 0.03125 0.041666666666666664
7 0.3609375 0.020833333333333332 0.03125 0.041666666666666664
8 0.3671875 0.9375 0.03125 0.041666666666666664
