0 0.45703125 0.47291666666666665 0.2328125 0.7708333333333334
1 0.35 0.5260416666666666 0.04375 0.052083333333333336
2 0.5968749999999999 0.1625 0.040625 0.075
2 0.60390625 0.7583333333333333 0.0421875 0.06666666666666667
9 0.6125 0.0625 0.03125 0.041666666666666664
10 0.6203125 0.8583333333333333 0.03125 0.041666666666666664
3 0.284375 0.06875 0.03125 0.041666666666666664
4 0.296875 0.875 0.03125 0.041666666666666664
5 0.5671875 0.09375 0.03125 0.041666666666666664
6 0.584375 0.8645833333333334 0.03125 0.041666666666666664
7 0.3328125 0.052083333333333336 0.03125 0.041666666666666664
8 0.3375 0.9083333333333333 0.03125 0.041666666666666664
8 0.7265625 0.9145833333333333 0.03125 0.041666666666666664
