0 0.42421875 0.44583333333333336 0.2609375 0.7375
1 0.31640625 0.4947916666666667 0.0390625 0.04791666666666667
2 0.5640625 0.14583333333333331 0.034375 0.07083333333333333
2 0.5757812499999999 0.71875 0.0328125 0.0625
9 0.575 0.041666666666666664 0.03125 0.041666666666666664
10 0.5875 0.8104166666666667 0.03125 0.041666666666666664
3 0.25 0.04375 0.03125 0.041666666666666664
4 0.2828125 0.8125 0.03125 0.041666666666666664
5 0.5328125 0.08541666666666667 0.03125 0.041666666666666664
6 0.5453125 0.8041666666666667 0.03125 0.041666666666666664
7 0.2984375 0.08125 0.03125 0.041666666666666664
8 0.3109375 0.8208333333333333 0.03125 0.041666666666666664
