0 0.51484375 0.5083333333333333 0.0609375 0.8
1 0.49453125000000003 0.5354166666666667 0.0328125 0.0625
2 0.5734375 0.19583333333333333 0.0375 0.08333333333333333
2 0.575 0.7864583333333334 0.04375 0.07291666666666667
9 0.590625 0.09791666666666667 0.03125 0.041666666666666664
10 0.5890625 0.8791666666666667 0.03125 0.041666666666666664
3 0.2640625 0.08541666666666667 0.03125 0.041666666666666664
4 0.26875 0.8979166666666667 0.03125 0.041666666666666664
5 0.54375 0.11875 0.03125 0.041666666666666664
6 0.5453125 0.9 0.03125 0.041666666666666664
7 0.478125 0.025 0.03125 0.041666666666666664
8 0.4796875 0.96875 0.03125 0.041666666666666664
