2 0.59921875 0.16666666666666666 0.0390625 0.06666666666666667
2 0.60703125 0.759375 0.0390625 0.07291666666666667
0 0.459375 0.4708333333333333 0.25 0.7958333333333333
1 0.353125 0.5208333333333334 0.040625 0.05416666666666667
9 0.6109375 0.06458333333333334 0.03125 0.041666666666666664
10 0.625 0.8479166666666667 0.03125 0.041666666666666664
3 0.28125 0.06458333333333334 0.03125 0.041666666666666664
4 0.3046875 0.875 0.03125 0.041666666666666664
5 0.565625 0.09583333333333334 0.03125 0.041666666666666664
6 0.5828125 0.85625 0.03125 0.041666666666666664
7 0.3359375 0.052083333333333336 0.03125 0.041666666666666664
8 0.34375 0.9145833333333333 0.03125 0.041666666666666664
