0 0.5382812499999999 0.5302083333333334 0.0203125 0.7854166666666667
1 0.5476562500000001 0.5437500000000001 0.0265625 0.03333333333333333
1 0.5140625000000001 0.5489583333333333 0.021875 0.03125
9 0.5828125 0.1125 0.03125 0.041666666666666664
10 0.5859375 0.89375 0.03125 0.041666666666666664
3 0.259375 0.09791666666666667 0.03125 0.041666666666666664
4 0.2640625 0.9041666666666667 0.03125 0.041666666666666664
5 0.546875 0.18125 0.03125 0.041666666666666664
6 0.5484375 0.90625 0.03125 0.041666666666666664
6 0.534375 0.035416666666666666 0.03125 0.041666666666666664
7 0.540625 0.9708333333333333 0.03125 0.041666666666666664
