2 0.58515625 0.18541666666666665 0.0390625 0.06666666666666667
2 0.58828125 0.7791666666666667 0.0390625 0.07083333333333333
0 0.47734375 0.4979166666666667 0.1703125 0.775
1 0.41171875 0.5406249999999999 0.0390625 0.05625
9 0.6 0.07708333333333334 0.03125 0.041666666666666664
10 0.6046875 0.8645833333333334 0.03125 0.041666666666666664
3 0.2734375 0.07291666666666667 0.03125 0.041666666666666664
4 0.284375 0.8895833333333333 0.03125 0.041666666666666664
5 0.5546875 0.11041666666666666 0.03125 0.041666666666666664
6 0.559375 0.88125 0.03125 0.041666666666666664
7 0.3921875 0.025 0.03125 0.041666666666666664
8 0.39375 0.9666666666666667 0.03125 0.041666666666666664
