2 0.56328125 0.18020833333333336 0.0359375 0.06875
2 0.56875 0.75 0.04375 0.07083333333333333
0 0.4375 0.475 0.215625 0.7583333333333333
1 0.3515625 0.5145833333333333 0.034375 0.04583333333333333
9 0.575 0.07916666666666666 0.03125 0.041666666666666664
10 0.5828125 0.8375 0.03125 0.041666666666666664
3 0.2515625 0.075 0.03125 0.041666666666666664
4 0.275 0.8583333333333333 0.03125 0.041666666666666664
5 0.5265625 0.11041666666666666 0.03125 0.041666666666666664
6 0.5421875 0.8520833333333333 0.03125 0.041666666666666664
7 0.3328125 0.022916666666666665 0.03125 0.041666666666666664
8 0.334375 0.9270833333333334 0.03125 0.041666666666666664
