2 0.57578125 0.2 0.0453125 0.075
2 0.57421875 0.7833333333333333 0.0421875 0.06666666666666667
0 0.49765624999999997 0.5052083333333334 0.0984375 0.7979166666666667
1 0.46875 0.5437500000000001 0.028125 0.04583333333333333
9 0.5890625 0.09166666666666666 0.03125 0.041666666666666664
10 0.590625 0.8854166666666666 0.03125 0.041666666666666664
3 0.2640625 0.07708333333333334 0.03125 0.041666666666666664
4 0.2671875 0.8958333333333334 0.03125 0.041666666666666664
5 0.5453125 0.11458333333333333 0.03125 0.041666666666666664
6 0.546875 0.9041666666666667 0.03125 0.041666666666666664
7 0.4546875 0.01875 0.03125 0.041666666666666664
8 0.4546875 0.9708333333333333 0.03125 0.041666666666666664
