0 0.421875 0.45416666666666666 0.246875 0.7458333333333333
1 0.3125 0.5010416666666667 0.03125 0.04375
2 0.5632812500000001 0.15104166666666669 0.0453125 0.09375
2 0.571875 0.725 0.04375 0.07083333333333333
9 0.5734375 0.0625 0.03125 0.041666666666666664
10 0.584375 0.8125 0.03125 0.041666666666666664
3 0.25 0.04583333333333333 0.03125 0.041666666666666664
4 0.275 0.84375 0.03125 0.041666666666666664
5 0.5359375 0.08125 0.03125 0.041666666666666664
6 0.55 0.8166666666666667 0.03125 0.041666666666666664
7 0.2890625 0.07708333333333334 0.03125 0.041666666666666664
8 0.3046875 0.85 0.03125 0.041666666666666664
