0 0.45156250000000003 0.4875 0.18125 0.7875
1 0.38046875 0.5385416666666667 0.0484375 0.04375
2 0.56015625 0.203125 0.0359375 0.06875
2 0.5656249999999999 0.7729166666666667 0.04375 0.0625
9 0.575 0.09791666666666667 0.03125 0.041666666666666664
10 0.5859375 0.86875 0.03125 0.041666666666666664
3 0.253125 0.09166666666666666 0.03125 0.041666666666666664
4 0.2734375 0.89375 0.03125 0.041666666666666664
5 0.5265625 0.13125 0.03125 0.041666666666666664
6 0.5390625 0.88125 0.03125 0.041666666666666664
7 0.3609375 0.03333333333333333 0.03125 0.041666666666666664
8 0.3703125 0.9645833333333333 0.03125 0.041666666666666664
