0 0.42890625 0.4927083333333333 0.2484375 0.7479166666666667
1 0.32343750000000004 0.5354166666666668 0.034375 0.03333333333333333
2 0.5703125 0.19374999999999998 0.0375 0.08333333333333333
2 0.57890625 0.765625 0.0359375 0.06458333333333334
9 0.575 0.0875 0.03125 0.041666666666666664
10 0.5921875 0.85625 0.03125 0.041666666666666664
3 0.259375 0.09583333333333334 0.03125 0.041666666666666664
4 0.28125 0.8916666666666667 0.03125 0.041666666666666664
5 0.5359375 0.12291666666666666 0.03125 0.041666666666666664
6 0.5515625 0.8625 0.03125 0.041666666666666664
7 0.303125 0.08958333333333333 0.03125 0.041666666666666664
8 0.3171875 0.9145833333333333 0.03125 0.041666666666666664
