0 0.4296875 0.48125 0.240625 0.7541666666666667
1 0.325 0.5375 0.046875 0.05416666666666667
2 0.5625 0.190625 0.034375 0.08125
2 0.5765625 0.7645833333333333 0.034375 0.07083333333333333
9 0.5765625 0.09166666666666666 0.03125 0.041666666666666664
10 0.59375 0.8541666666666666 0.03125 0.041666666666666664
3 0.259375 0.09375 0.03125 0.041666666666666664
4 0.2796875 0.8854166666666666 0.03125 0.041666666666666664
5 0.5359375 0.12291666666666666 0.03125 0.041666666666666664
6 0.5578125 0.8583333333333333 0.03125 0.041666666666666664
7 0.2984375 0.10208333333333333 0.03125 0.041666666666666664
8 0.3109375 0.9041666666666667 0.03125 0.041666666666666664
