0 0.49609375 0.50625 0.0921875 0.7958333333333333
1 0.4609375 0.5406249999999999 0.034375 0.06041666666666667
2 0.575 0.19374999999999998 0.040625 0.07083333333333333
2 0.57421875 0.7895833333333333 0.0421875 0.06666666666666667
9 0.5890625 0.1 0.03125 0.041666666666666664
10 0.590625 0.8895833333333333 0.03125 0.041666666666666664
3 0.2640625 0.0875 0.03125 0.041666666666666664
4 0.2703125 0.89375 0.03125 0.041666666666666664
5 0.5453125 0.125 0.03125 0.041666666666666664
6 0.5484375 0.9020833333333333 0.03125 0.041666666666666664
7 0.4484375 0.016666666666666666 0.03125 0.041666666666666664
8 0.4453125 0.975 0.03125 0.041666666666666664
