0 0.478125 0.5 0.16875 0.8
1 0.41875 0.54375 0.040625 0.058333333333333334
2 0.5859375 0.18854166666666666 0.040625 0.07291666666666667
2 0.5874999999999999 0.7822916666666667 0.040625 0.06458333333333334
9 0.603125 0.09375 0.03125 0.041666666666666664
10 0.60625 0.8729166666666667 0.03125 0.041666666666666664
3 0.275 0.075 0.03125 0.041666666666666664
4 0.284375 0.89375 0.03125 0.041666666666666664
5 0.55625 0.1125 0.03125 0.041666666666666664
6 0.559375 0.8895833333333333 0.03125 0.041666666666666664
7 0.396875 0.029166666666666667 0.03125 0.041666666666666664
8 0.4 0.96875 0.03125 0.041666666666666664
