2 0.609375 0.15625 0.040625 0.07083333333333333
2 0.6171875 0.753125 0.040625 0.07708333333333334
0 0.4609375 0.4604166666666667 0.259375 0.7791666666666667
1 0.35078125000000004 0.5197916666666667 0.0421875 0.05625
9 0.61875 0.05 0.03125 0.041666666666666664
10 0.6296875 0.84375 0.03125 0.041666666666666664
3 0.2890625 0.05416666666666667 0.03125 0.041666666666666664
4 0.3078125 0.8625 0.03125 0.041666666666666664
5 0.5765625 0.08125 0.03125 0.041666666666666664
6 0.5890625 0.8395833333333333 0.03125 0.041666666666666664
7 0.3359375 0.05416666666666667 0.03125 0.041666666666666664
8 0.3421875 0.8791666666666667 0.03125 0.041666666666666664
