0 0.4375 0.4604166666666667 0.225 0.7791666666666667
1 0.3421875 0.5145833333333333 0.053125 0.05416666666666667
2 0.56015625 0.17083333333333334 0.0453125 0.09166666666666666
2 0.56953125 0.7447916666666667 0.0421875 0.07291666666666667
9 0.575 0.075 0.03125 0.041666666666666664
10 0.5796875 0.8375 0.03125 0.041666666666666664
3 0.2578125 0.06875 0.03125 0.041666666666666664
4 0.2734375 0.8625 0.03125 0.041666666666666664
5 0.5265625 0.10625 0.03125 0.041666666666666664
6 0.54375 0.8520833333333333 0.03125 0.041666666666666664
7 0.3203125 0.04375 0.03125 0.041666666666666664
8 0.328125 0.9083333333333333 0.03125 0.041666666666666664
