0 0.53359375 0.5385416666666667 0.0203125 0.76875
1 0.53984375 0.5479166666666667 0.0203125 0.05
1 0.5109375 0.5437500000000001 0.021875 0.03333333333333333
2 0.5671875 0.20729166666666665 0.040625 0.08125
2 0.56640625 0.7958333333333333 0.0390625 0.0625
9 0.5828125 0.10416666666666667 0.03125 0.041666666666666664
10 0.5765625 0.8854166666666666 0.03125 0.041666666666666664
3 0.2609375 0.10208333333333333 0.03125 0.041666666666666664
4 0.259375 0.9020833333333333 0.03125 0.041666666666666664
5 0.546875 0.125 0.03125 0.041666666666666664
6 0.546875 0.90625 0.03125 0.041666666666666664
7 0.53125 0.014583333333333334 0.03125 0.041666666666666664
8 0.534375 0.9666666666666667 0.03125 0.041666666666666664
