2 0.5578124999999999 0.19374999999999998 0.04375 0.07083333333333333
2 0.56640625 0.765625 0.0390625 0.07291666666666667
0 0.44843750000000004 0.48854166666666665 0.184375 0.7645833333333333
1 0.37265624999999997 0.5322916666666666 0.0453125 0.04791666666666667
9 0.575 0.10416666666666667 0.03125 0.041666666666666664
10 0.58125 0.85625 0.03125 0.041666666666666664
3 0.25 0.09375 0.03125 0.041666666666666664
4 0.265625 0.8854166666666666 0.03125 0.041666666666666664
5 0.5265625 0.12916666666666668 0.03125 0.041666666666666664
6 0.5390625 0.86875 0.03125 0.041666666666666664
7 0.35625 0.03958333333333333 0.03125 0.041666666666666664
8 0.35625 0.95 0.03125 0.041666666666666664
