0 0.525 0.534375 0.046875 0.7979166666666667
1 0.50859375 0.5625 0.0234375 0.0375
1 0.47812499999999997 0.5604166666666667 0.021875 0.0375
9 0.571875 0.13333333333333333 0.03125 0.041666666666666664
10 0.58125 0.9166666666666666 0.03125 0.041666666666666664
3 0.2484375 0.11041666666666666 0.03125 0.041666666666666664
4 0.2671875 0.9229166666666667 0.03125 0.041666666666666664
5 0.5359375 0.14166666666666666 0.03125 0.041666666666666664
6 0.5484375 0.9354166666666667 0.03125 0.041666666666666664
7 0.5015625 0.025 0.03125 0.041666666666666664
8 0.50625 0.9708333333333333 0.03125 0.041666666666666664
2 0.559375 0.21979166666666666 0.040625 0.06458333333333334
2 0.5656249999999999 0.8031250000000001 0.040625 0.06458333333333334
