0 0.45703125 0.45208333333333334 0.2171875 0.7916666666666666
1 0.3703125 0.5083333333333333 0.04375 0.0625
2 0.5867187500000001 0.15416666666666667 0.0453125 0.07916666666666666
2 0.59296875 0.74375 0.0421875 0.075
9 0.603125 0.04375 0.03125 0.041666666666666664
10 0.60625 0.8291666666666667 0.03125 0.041666666666666664
3 0.265625 0.04791666666666667 0.03125 0.041666666666666664
4 0.2890625 0.8583333333333333 0.03125 0.041666666666666664
5 0.5546875 0.08125 0.03125 0.041666666666666664
6 0.5640625 0.8395833333333333 0.03125 0.041666666666666664
7 0.3484375 0.020833333333333332 0.03125 0.041666666666666664
8 0.3546875 0.925 0.03125 0.041666666666666664
