0 0.478125 0.5322916666666666 0.125 0.7770833333333333
1 0.4359375 0.5697916666666666 0.03125 0.05625
2 0.5593750000000001 0.23854166666666668 0.0375 0.07708333333333334
2 0.5648437500000001 0.815625 0.0453125 0.07291666666666667
9 0.5703125 0.14375 0.03125 0.041666666666666664
10 0.5796875 0.9166666666666666 0.03125 0.041666666666666664
3 0.2546875 0.1375 0.03125 0.041666666666666664
4 0.265625 0.9291666666666667 0.03125 0.041666666666666664
5 0.525 0.1625 0.03125 0.041666666666666664
6 0.540625 0.9270833333333334 0.03125 0.041666666666666664
7 0.41875 0.058333333333333334 0.03125 0.041666666666666664
8 0.41875 0.98125 0.03125 0.041666666666666664
