2 0.60625 0.14791666666666667 0.04375 0.07916666666666666
2 0.6140625 0.74375 0.040625 0.06666666666666667
0 0.46406250000000004 0.459375 0.278125 0.7854166666666667
1 0.34921875 0.515625 0.0328125 0.06458333333333334
9 0.6203125 0.04583333333333333 0.03125 0.041666666666666664
10 0.63125 0.8395833333333333 0.03125 0.041666666666666664
3 0.2859375 0.052083333333333336 0.03125 0.041666666666666664
4 0.3109375 0.8666666666666667 0.03125 0.041666666666666664
5 0.5734375 0.07708333333333334 0.03125 0.041666666666666664
6 0.5890625 0.8479166666666667 0.03125 0.041666666666666664
7 0.33125 0.058333333333333334 0.03125 0.041666666666666664
8 0.34375 0.8708333333333333 0.03125 0.041666666666666664
