0 0.47343749999999996 0.5458333333333334 0.128125 0.775
1 0.42109375 0.578125 0.0359375 0.05625
2 0.5609375 0.23854166666666668 0.040625 0.07291666666666667
2 0.57109375 0.8145833333333333 0.0390625 0.075
9 0.571875 0.15208333333333332 0.03125 0.041666666666666664
10 0.5828125 0.9125 0.03125 0.041666666666666664
3 0.253125 0.13958333333333334 0.03125 0.041666666666666664
4 0.2671875 0.93125 0.03125 0.041666666666666664
5 0.528125 0.16458333333333333 0.03125 0.041666666666666664
6 0.55 0.9270833333333334 0.03125 0.041666666666666664
7 0.403125 0.0625 0.03125 0.041666666666666664
8 0.409375 0.96875 0.03125 0.041666666666666664
