0 0.5078125 0.5322916666666666 0.071875 0.7895833333333333
1 0.48515625 0.5645833333333333 0.0234375 0.04583333333333333
1 0.446875 0.5645833333333333 0.03125 0.029166666666666667
2 0.5640625 0.22604166666666667 0.04375 0.07291666666666667
2 0.5671875 0.8083333333333333 0.040625 0.058333333333333334
9 0.5765625 0.12291666666666666 0.03125 0.041666666666666664
10 0.5796875 0.9083333333333333 0.03125 0.041666666666666664
3 0.25625 0.12083333333333333 0.03125 0.041666666666666664
4 0.2640625 0.9229166666666667 0.03125 0.041666666666666664
5 0.534375 0.14791666666666667 0.03125 0.041666666666666664
6 0.546875 0.9125 0.03125 0.041666666666666664
7 0.48125 0.04375 0.03125 0.041666666666666664
8 0.478125 0.96875 0.03125 0.041666666666666664
