2 0.56171875 0.15208333333333332 0.0390625 0.06666666666666667
2 0.57265625 0.7239583333333333 0.0390625 0.06041666666666667
0 0.421875 0.44895833333333335 0.2625 0.74375
1 0.3171875 0.503125 0.034375 0.04791666666666667
9 0.575 0.05 0.03125 0.041666666666666664
10 0.5796875 0.8104166666666667 0.03125 0.041666666666666664
3 0.25 0.04375 0.03125 0.041666666666666664
4 0.275 0.8416666666666667 0.03125 0.041666666666666664
5 0.5296875 0.08541666666666667 0.03125 0.041666666666666664
6 0.54375 0.8166666666666667 0.03125 0.041666666666666664
7 0.2953125 0.08333333333333333 0.03125 0.041666666666666664
8 0.3078125 0.8479166666666667 0.03125 0.041666666666666664
