0 0.5296875 0.5291666666666667 0.025 0.8333333333333334
1 0.5265625 0.5447916666666667 0.01875 0.04375
1 0.49453125000000003 0.5510416666666667 0.0171875 0.022916666666666665
2 0.55859375 0.20729166666666665 0.0328125 0.06458333333333334
2 0.56328125 0.790625 0.0359375 0.06458333333333334
9 0.5734375 0.11041666666666666 0.03125 0.041666666666666664
10 0.58125 0.9 0.03125 0.041666666666666664
3 0.246875 0.1 0.03125 0.041666666666666664
4 0.2625 0.9145833333333333 0.03125 0.041666666666666664
5 0.5359375 0.13125 0.03125 0.041666666666666664
6 0.546875 0.9208333333333333 0.03125 0.041666666666666664
7 0.51875 0.025 0.03125 0.041666666666666664
8 0.525 0.98125 0.03125 0.041666666666666664
