0 0.42421875 0.475 0.2546875 0.7541666666666667
1 0.32109375 0.5270833333333333 0.0390625 0.05
2 0.5640625 0.18020833333333333 0.0375 0.07708333333333334
2 0.578125 0.7489583333333334 0.040625 0.07708333333333334
9 0.58125 0.07708333333333334 0.03125 0.041666666666666664
10 0.5859375 0.8395833333333333 0.03125 0.041666666666666664
3 0.259375 0.08541666666666667 0.03125 0.041666666666666664
4 0.284375 0.875 0.03125 0.041666666666666664
5 0.5359375 0.12083333333333333 0.03125 0.041666666666666664
6 0.553125 0.84375 0.03125 0.041666666666666664
7 0.3015625 0.09375 0.03125 0.041666666666666664
8 0.3140625 0.8791666666666667 0.03125 0.041666666666666664
