0 0.53515625 0.5260416666666667 0.0140625 0.7979166666666667
1 0.54140625 0.5541666666666666 0.0203125 0.029166666666666667
1 0.50859375 0.5614583333333334 0.0234375 0.01875
2 0.5632812500000001 0.22291666666666665 0.0421875 0.06666666666666667
2 0.5625 0.8052083333333334 0.0375 0.06458333333333334
9 0.575 0.11458333333333333 0.03125 0.041666666666666664
10 0.575 0.9041666666666667 0.03125 0.041666666666666664
3 0.25 0.09791666666666667 0.03125 0.041666666666666664
4 0.2546875 0.925 0.03125 0.041666666666666664
5 0.54375 0.175 0.03125 0.041666666666666664
6 0.54375 0.8979166666666667 0.03125 0.041666666666666664
7 0.5296875 0.025 0.03125 0.041666666666666664
8 0.53125 0.975 0.03125 0.041666666666666664
