2 0.5640624999999999 0.17395833333333333 0.040625 0.07708333333333334
2 0.57265625 0.7489583333333334 0.0359375 0.06875
0 0.43203125 0.47187500000000004 0.1953125 0.7395833333333334
1 0.33671875 0.5145833333333333 0.0390625 0.05416666666666667
9 0.5734375 0.07916666666666666 0.03125 0.041666666666666664
10 0.5828125 0.8333333333333334 0.03125 0.041666666666666664
3 0.253125 0.06875 0.03125 0.041666666666666664
4 0.2734375 0.8708333333333333 0.03125 0.041666666666666664
5 0.5296875 0.1125 0.03125 0.041666666666666664
6 0.54375 0.8458333333333333 0.03125 0.041666666666666664
7 0.3234375 0.058333333333333334 0.03125 0.041666666666666664
8 0.3296875 0.90625 0.03125 0.041666666666666664
