2 0.56171875 0.17291666666666666 0.0453125 0.07083333333333333
2 0.5710937500000001 0.7468750000000001 0.0453125 0.06875
0 0.43281250000000004 0.46145833333333336 0.215625 0.7770833333333333
1 0.34375 0.5166666666666667 0.046875 0.04583333333333333
9 0.5734375 0.075 0.03125 0.041666666666666664
10 0.584375 0.8458333333333333 0.03125 0.041666666666666664
3 0.25 0.07083333333333333 0.03125 0.041666666666666664
4 0.2734375 0.8708333333333333 0.03125 0.041666666666666664
5 0.534375 0.10833333333333334 0.03125 0.041666666666666664
6 0.54375 0.8604166666666667 0.03125 0.041666666666666664
7 0.321875 0.035416666666666666 0.03125 0.041666666666666664
8 0.3203125 0.9229166666666667 0.03125 0.041666666666666664
