0 0.43515625 0.47291666666666665 0.2078125 0.75
1 0.35703124999999997 0.5145833333333333 0.0453125 0.04583333333333333
2 0.55859375 0.17708333333333331 0.0421875 0.08333333333333333
2 0.5671875 0.7447916666666667 0.04375 0.08125
9 0.571875 0.07291666666666667 0.03125 0.041666666666666664
10 0.578125 0.85 0.03125 0.041666666666666664
3 0.2484375 0.0625 0.03125 0.041666666666666664
4 0.271875 0.8666666666666667 0.03125 0.041666666666666664
5 0.5359375 0.10208333333333333 0.03125 0.041666666666666664
6 0.540625 0.8479166666666667 0.03125 0.041666666666666664
7 0.3390625 0.020833333333333332 0.03125 0.041666666666666664
8 0.3453125 0.9291666666666667 0.03125 0.041666666666666664
