2 0.565625 0.16458333333333333 0.034375 0.06666666666666667
2 0.57421875 0.7364583333333333 0.0390625 0.05625
0 0.421875 0.46458333333333335 0.2625 0.7416666666666667
1 0.31875 0.509375 0.03125 0.04375
9 0.5734375 0.06041666666666667 0.03125 0.041666666666666664
10 0.5859375 0.81875 0.03125 0.041666666666666664
3 0.2515625 0.058333333333333334 0.03125 0.041666666666666664
4 0.2796875 0.8479166666666667 0.03125 0.041666666666666664
5 0.5328125 0.09166666666666666 0.03125 0.041666666666666664
6 0.5484375 0.83125 0.03125 0.041666666666666664
7 0.29375 0.07708333333333334 0.03125 0.041666666666666664
8 0.303125 0.8583333333333333 0.03125 0.041666666666666664
