0 0.45859375 0.4666666666666667 0.2421875 0.7916666666666666
1 0.35078125 0.5239583333333333 0.0390625 0.06458333333333334
2 0.6007812499999999 0.16875 0.0359375 0.07916666666666666
2 0.60859375 0.7572916666666667 0.0390625 0.07291666666666667
9 0.6171875 0.058333333333333334 0.03125 0.041666666666666664
10 0.6234375 0.8541666666666666 0.03125 0.041666666666666664
3 0.2859375 0.06458333333333334 0.03125 0.041666666666666664
4 0.3015625 0.8875 0.03125 0.041666666666666664
5 0.5765625 0.10208333333333333 0.03125 0.041666666666666664
6 0.58125 0.85625 0.03125 0.041666666666666664
7 0.3328125 0.058333333333333334 0.03125 0.041666666666666664
8 0.3375 0.9 0.03125 0.041666666666666664
