0 0.4765625 0.5416666666666667 0.11875 0.7666666666666667
1 0.434375 0.5739583333333333 0.040625 0.04791666666666667
9 0.5734375 0.13958333333333334 0.03125 0.041666666666666664
10 0.5828125 0.9125 0.03125 0.041666666666666664
3 0.2578125 0.13541666666666666 0.03125 0.041666666666666664
4 0.2671875 0.9333333333333333 0.03125 0.041666666666666664
2 0.559375 0.23854166666666668 0.040625 0.07291666666666667
2 0.56875 0.8145833333333333 0.040625 0.06666666666666667
5 0.5328125 0.17083333333333334 0.03125 0.041666666666666664
6 0.5453125 0.9229166666666667 0.03125 0.041666666666666664
7 0.4171875 0.05625 0.03125 0.041666666666666664
8 0.421875 0.98125 0.03125 0.041666666666666664
