2 0.58515625 0.16770833333333335 0.0390625 0.06875
2 0.5921875000000001 0.75625 0.0375 0.058333333333333334
0 0.46953125 0.4833333333333334 0.1890625 0.7666666666666667
1 0.3984375 0.5239583333333333 0.034375 0.052083333333333336
9 0.5984375 0.0625 0.03125 0.041666666666666664
10 0.6078125 0.85 0.03125 0.041666666666666664
3 0.271875 0.06458333333333334 0.03125 0.041666666666666664
4 0.2859375 0.875 0.03125 0.041666666666666664
5 0.553125 0.09583333333333334 0.03125 0.041666666666666664
6 0.559375 0.8645833333333334 0.03125 0.041666666666666664
7 0.3734375 0.022916666666666665 0.03125 0.041666666666666664
8 0.3796875 0.9541666666666667 0.03125 0.041666666666666664
