0 0.45390625 0.4635416666666667 0.2484375 0.7979166666666667
1 0.35625 0.5177083333333333 0.040625 0.06041666666666667
2 0.5945312500000001 0.159375 0.0453125 0.08541666666666667
2 0.60078125 0.75 0.0421875 0.07083333333333333
9 0.6046875 0.05625 0.03125 0.041666666666666664
10 0.615625 0.8416666666666667 0.03125 0.041666666666666664
3 0.278125 0.05416666666666667 0.03125 0.041666666666666664
4 0.3015625 0.8666666666666667 0.03125 0.041666666666666664
5 0.559375 0.08541666666666667 0.03125 0.041666666666666664
6 0.571875 0.8395833333333333 0.03125 0.041666666666666664
7 0.3375 0.0375 0.03125 0.041666666666666664
8 0.3421875 0.9083333333333333 0.03125 0.041666666666666664
