0 0.459375 0.459375 0.271875 0.7645833333333333
1 0.35312499999999997 0.5145833333333334 0.04375 0.06666666666666667
2 0.60703125 0.14895833333333333 0.0390625 0.08125
2 0.6218750000000001 0.7416666666666667 0.0375 0.075
9 0.6203125 0.05 0.03125 0.041666666666666664
10 0.6375 0.8333333333333334 0.03125 0.041666666666666664
3 0.2875 0.052083333333333336 0.03125 0.041666666666666664
4 0.3140625 0.8645833333333334 0.03125 0.041666666666666664
5 0.5796875 0.0625 0.03125 0.041666666666666664
6 0.596875 0.8333333333333334 0.03125 0.041666666666666664
7 0.334375 0.06458333333333334 0.03125 0.041666666666666664
8 0.35 0.8729166666666667 0.03125 0.041666666666666664
