0 0.4203125 0.44375000000000003 0.25 0.7375
1 0.32109374999999996 0.4927083333333333 0.0359375 0.04375
2 0.56171875 0.140625 0.0390625 0.07291666666666667
2 0.571875 0.7135416666666667 0.0375 0.06458333333333334
9 0.575 0.035416666666666666 0.03125 0.041666666666666664
10 0.5890625 0.8 0.03125 0.041666666666666664
3 0.2484375 0.035416666666666666 0.03125 0.041666666666666664
4 0.2765625 0.8229166666666666 0.03125 0.041666666666666664
5 0.5296875 0.06875 0.03125 0.041666666666666664
6 0.5484375 0.8104166666666667 0.03125 0.041666666666666664
7 0.29375 0.07708333333333334 0.03125 0.041666666666666664
8 0.3109375 0.8229166666666666 0.03125 0.041666666666666664
