2 0.6046875 0.146875 0.0375 0.06458333333333334
2 0.6203125 0.7479166666666667 0.034375 0.06666666666666667
0 0.46328125000000003 0.44895833333333335 0.2515625 0.7604166666666666
1 0.3515625 0.5166666666666666 0.034375 0.05416666666666667
9 0.6140625 0.03958333333333333 0.03125 0.041666666666666664
10 0.6328125 0.8354166666666667 0.03125 0.041666666666666664
3 0.290625 0.05625 0.03125 0.041666666666666664
4 0.3171875 0.8666666666666667 0.03125 0.041666666666666664
5 0.575 0.08541666666666667 0.03125 0.041666666666666664
6 0.59375 0.8416666666666667 0.03125 0.041666666666666664
7 0.3296875 0.07083333333333333 0.03125 0.041666666666666664
8 0.3484375 0.8645833333333334 0.03125 0.041666666666666664
