2 0.60859375 0.15104166666666666 0.0421875 0.07291666666666667
2 0.6140625 0.7489583333333334 0.04375 0.07708333333333334
0 0.4578125 0.4625 0.271875 0.775
1 0.35234375 0.5177083333333333 0.0421875 0.04791666666666667
9 0.61875 0.052083333333333336 0.03125 0.041666666666666664
10 0.6296875 0.8395833333333333 0.03125 0.041666666666666664
3 0.2828125 0.052083333333333336 0.03125 0.041666666666666664
4 0.3125 0.8666666666666667 0.03125 0.041666666666666664
5 0.5765625 0.07291666666666667 0.03125 0.041666666666666664
6 0.590625 0.8458333333333333 0.03125 0.041666666666666664
7 0.33125 0.05625 0.03125 0.041666666666666664
8 0.3421875 0.8729166666666667 0.03125 0.041666666666666664
