2 0.559375 0.190625 0.046875 0.07708333333333334
2 0.56796875 0.7635416666666667 0.0421875 0.06458333333333334
0 0.44609374999999996 0.49375 0.1921875 0.7541666666666667
1 0.36640625000000004 0.53125 0.0421875 0.05
9 0.575 0.09166666666666666 0.03125 0.041666666666666664
10 0.578125 0.8520833333333333 0.03125 0.041666666666666664
3 0.2546875 0.07916666666666666 0.03125 0.041666666666666664
4 0.2703125 0.8854166666666666 0.03125 0.041666666666666664
5 0.5296875 0.12083333333333333 0.03125 0.041666666666666664
6 0.540625 0.8729166666666667 0.03125 0.041666666666666664
7 0.346875 0.029166666666666667 0.03125 0.041666666666666664
8 0.3515625 0.9416666666666667 0.03125 0.041666666666666664
