0 0.4625 0.45833333333333337 0.259375 0.7666666666666667
1 0.3515625 0.515625 0.034375 0.052083333333333336
2 0.6062500000000001 0.15104166666666669 0.0375 0.06875
2 0.6203124999999999 0.7427083333333334 0.040625 0.06875
9 0.6234375 0.04583333333333333 0.03125 0.041666666666666664
10 0.6328125 0.8416666666666667 0.03125 0.041666666666666664
3 0.2875 0.04375 0.03125 0.041666666666666664
4 0.3109375 0.8645833333333334 0.03125 0.041666666666666664
5 0.578125 0.08125 0.03125 0.041666666666666664
6 0.590625 0.8416666666666667 0.03125 0.041666666666666664
7 0.3328125 0.07083333333333333 0.03125 0.041666666666666664
8 0.3484375 0.875 0.03125 0.041666666666666664
