0 0.440625 0.48020833333333335 0.1875 0.7520833333333333
1 0.36093749999999997 0.521875 0.04375 0.06458333333333334
2 0.5578125 0.18229166666666669 0.0375 0.06875
2 0.56484375 0.7520833333333333 0.0359375 0.0625
9 0.571875 0.07708333333333334 0.03125 0.041666666666666664
10 0.5828125 0.84375 0.03125 0.041666666666666664
3 0.25 0.075 0.03125 0.041666666666666664
4 0.265625 0.86875 0.03125 0.041666666666666664
5 0.525 0.10833333333333334 0.03125 0.041666666666666664
6 0.5375 0.84375 0.03125 0.041666666666666664
7 0.3390625 0.022916666666666665 0.03125 0.041666666666666664
8 0.35 0.9333333333333333 0.03125 0.041666666666666664
