0 0.47187500000000004 0.5333333333333333 0.1375 0.7625
1 0.41328125000000004 0.5666666666666667 0.0421875 0.0625
2 0.56015625 0.23229166666666667 0.0421875 0.08125
2 0.56875 0.80625 0.04375 0.07916666666666666
9 0.56875 0.13333333333333333 0.03125 0.041666666666666664
10 0.58125 0.90625 0.03125 0.041666666666666664
3 0.2546875 0.14375 0.03125 0.041666666666666664
4 0.271875 0.9333333333333333 0.03125 0.041666666666666664
5 0.53125 0.16666666666666666 0.03125 0.041666666666666664
6 0.5421875 0.9145833333333333 0.03125 0.041666666666666664
7 0.3984375 0.06041666666666667 0.03125 0.041666666666666664
8 0.4046875 0.9770833333333333 0.03125 0.041666666666666664
