0 0.42109375 0.453125 0.2421875 0.7479166666666667
1 0.3125 0.5010416666666667 0.0375 0.03958333333333333
2 0.5609375 0.14583333333333334 0.040625 0.08333333333333333
2 0.56953125 0.7208333333333333 0.0421875 0.07916666666666666
9 0.575 0.06041666666666667 0.03125 0.041666666666666664
10 0.584375 0.8166666666666667 0.03125 0.041666666666666664
3 0.2515625 0.052083333333333336 0.03125 0.041666666666666664
4 0.2765625 0.8395833333333333 0.03125 0.041666666666666664
5 0.5296875 0.08333333333333333 0.03125 0.041666666666666664
6 0.5515625 0.8208333333333333 0.03125 0.041666666666666664
7 0.29375 0.08125 0.03125 0.041666666666666664
8 0.3109375 0.84375 0.03125 0.041666666666666664
