0 0.5249999999999999 0.5083333333333333 0.040625 0.8
1 0.51171875 0.5489583333333333 0.0234375 0.03958333333333333
1 0.4796875 0.540625 0.021875 0.027083333333333334
2 0.57109375 0.2 0.0390625 0.07916666666666666
2 0.56953125 0.7822916666666667 0.0390625 0.06875
9 0.5890625 0.10833333333333334 0.03125 0.041666666666666664
10 0.584375 0.89375 0.03125 0.041666666666666664
3 0.2609375 0.09166666666666666 0.03125 0.041666666666666664
4 0.259375 0.8958333333333334 0.03125 0.041666666666666664
5 0.5453125 0.12291666666666666 0.03125 0.041666666666666664
6 0.5484375 0.9145833333333333 0.03125 0.041666666666666664
7 0.50625 0.022916666666666665 0.03125 0.041666666666666664
8 0.503125 0.9729166666666667 0.03125 0.041666666666666664
