0 0.459375 0.4604166666666667 0.278125 0.775
1 0.34765625 0.5177083333333333 0.0359375 0.06458333333333334
2 0.60234375 0.15520833333333334 0.0515625 0.09375
2 0.6164062499999999 0.7468750000000001 0.0484375 0.07291666666666667
9 0.61875 0.052083333333333336 0.03125 0.041666666666666664
10 0.63125 0.8375 0.03125 0.041666666666666664
3 0.2875 0.05 0.03125 0.041666666666666664
4 0.3140625 0.8604166666666667 0.03125 0.041666666666666664
5 0.5796875 0.07708333333333334 0.03125 0.041666666666666664
6 0.5984375 0.8416666666666667 0.03125 0.041666666666666664
7 0.3328125 0.06666666666666667 0.03125 0.041666666666666664
8 0.346875 0.875 0.03125 0.041666666666666664
