0 0.42421875 0.4447916666666667 0.2453125 0.74375
1 0.31640625 0.49374999999999997 0.0390625 0.041666666666666664
2 0.5609375 0.14583333333333331 0.04375 0.07083333333333333
2 0.57109375 0.7197916666666667 0.0390625 0.06875
9 0.571875 0.05416666666666667 0.03125 0.041666666666666664
10 0.5859375 0.81875 0.03125 0.041666666666666664
3 0.253125 0.03958333333333333 0.03125 0.041666666666666664
4 0.278125 0.8333333333333334 0.03125 0.041666666666666664
5 0.5328125 0.08333333333333333 0.03125 0.041666666666666664
6 0.5484375 0.8125 0.03125 0.041666666666666664
7 0.29375 0.06875 0.03125 0.041666666666666664
8 0.3078125 0.8375 0.03125 0.041666666666666664
