0 0.459375 0.4645833333333333 0.25625 0.7958333333333333
1 0.35 0.525 0.046875 0.058333333333333334
2 0.60546875 0.15833333333333333 0.0453125 0.075
2 0.60859375 0.7572916666666667 0.0421875 0.07708333333333334
9 0.6171875 0.05625 0.03125 0.041666666666666664
10 0.6203125 0.85625 0.03125 0.041666666666666664
3 0.284375 0.06041666666666667 0.03125 0.041666666666666664
4 0.303125 0.8770833333333333 0.03125 0.041666666666666664
5 0.571875 0.09166666666666666 0.03125 0.041666666666666664
6 0.5890625 0.8625 0.03125 0.041666666666666664
7 0.3328125 0.05625 0.03125 0.041666666666666664
8 0.3421875 0.8979166666666667 0.03125 0.041666666666666664
