2 0.5671875000000001 0.18958333333333333 0.034375 0.05416666666666667
2 0.5765625 0.7666666666666667 0.040625 0.0625
0 0.434375 0.48854166666666665 0.25 0.75625
1 0.32734375 0.5354166666666667 0.0390625 0.041666666666666664
9 0.578125 0.08958333333333333 0.03125 0.041666666666666664
10 0.5953125 0.8604166666666667 0.03125 0.041666666666666664
3 0.2578125 0.09375 0.03125 0.041666666666666664
4 0.28125 0.8770833333333333 0.03125 0.041666666666666664
5 0.5328125 0.12708333333333333 0.03125 0.041666666666666664
6 0.5515625 0.8541666666666666 0.03125 0.041666666666666664
7 0.3125 0.075 0.03125 0.041666666666666664
8 0.3203125 0.9104166666666667 0.03125 0.041666666666666664
