0 0.45703125 0.4666666666666667 0.2484375 0.7791666666666667
1 0.35703125 0.525 0.0328125 0.05
2 0.6015625 0.16354166666666667 0.034375 0.07291666666666667
2 0.609375 0.7572916666666667 0.040625 0.06458333333333334
9 0.6078125 0.06041666666666667 0.03125 0.041666666666666664
10 0.6203125 0.85 0.03125 0.041666666666666664
3 0.2796875 0.058333333333333334 0.03125 0.041666666666666664
4 0.3015625 0.8791666666666667 0.03125 0.041666666666666664
5 0.5640625 0.08958333333333333 0.03125 0.041666666666666664
6 0.575 0.8479166666666667 0.03125 0.041666666666666664
7 0.3328125 0.03958333333333333 0.03125 0.041666666666666664
8 0.3421875 0.9145833333333333 0.03125 0.041666666666666664
