0 0.440625 0.46145833333333336 0.203125 0.7729166666666667
1 0.35468750000000004 0.5104166666666666 0.05 0.058333333333333334
2 0.5625 0.16666666666666666 0.04375 0.08333333333333333
2 0.5671875000000001 0.7458333333333333 0.034375 0.075
9 0.571875 0.07708333333333334 0.03125 0.041666666666666664
10 0.5859375 0.8375 0.03125 0.041666666666666664
3 0.2515625 0.06875 0.03125 0.041666666666666664
4 0.2671875 0.8729166666666667 0.03125 0.041666666666666664
5 0.53125 0.09791666666666667 0.03125 0.041666666666666664
6 0.5484375 0.8520833333333333 0.03125 0.041666666666666664
7 0.34375 0.027083333333333334 0.03125 0.041666666666666664
8 0.340625 0.9229166666666667 0.03125 0.041666666666666664
