0 0.4859375 0.5114583333333333 0.140625 0.79375
1 0.43125 0.5499999999999999 0.040625 0.07083333333333333
2 0.58046875 0.20520833333333333 0.0390625 0.08125
2 0.58359375 0.7916666666666666 0.0421875 0.075
9 0.6 0.11041666666666666 0.03125 0.041666666666666664
10 0.6015625 0.9020833333333333 0.03125 0.041666666666666664
3 0.2765625 0.10208333333333333 0.03125 0.041666666666666664
4 0.2796875 0.9104166666666667 0.03125 0.041666666666666664
5 0.5515625 0.12708333333333333 0.03125 0.041666666666666664
6 0.5546875 0.9020833333333333 0.03125 0.041666666666666664
7 0.4140625 0.027083333333333334 0.03125 0.041666666666666664
8 0.415625 0.9791666666666666 0.03125 0.041666666666666664
