0 0.4671875 0.45625000000000004 0.178125 0.7666666666666667
1 0.3859375 0.515625 0.04375 0.06458333333333334
2 0.58125 0.16249999999999998 0.046875 0.0875
2 0.58984375 0.7510416666666667 0.0484375 0.07291666666666667
9 0.6 0.05625 0.03125 0.041666666666666664
10 0.60625 0.8416666666666667 0.03125 0.041666666666666664
3 0.2703125 0.058333333333333334 0.03125 0.041666666666666664
4 0.2875 0.8666666666666667 0.03125 0.041666666666666664
5 0.5515625 0.0875 0.03125 0.041666666666666664
6 0.5625 0.8458333333333333 0.03125 0.041666666666666664
7 0.3640625 0.020833333333333332 0.03125 0.041666666666666664
8 0.3734375 0.9416666666666667 0.03125 0.041666666666666664
