0 0.421875 0.46354166666666663 0.24375 0.73125
1 0.31796874999999997 0.51875 0.0453125 0.04583333333333333
2 0.5632812500000001 0.17291666666666666 0.0421875 0.06666666666666667
2 0.5750000000000001 0.7468750000000001 0.0375 0.06458333333333334
9 0.5765625 0.06875 0.03125 0.041666666666666664
10 0.590625 0.8354166666666667 0.03125 0.041666666666666664
3 0.2578125 0.0625 0.03125 0.041666666666666664
4 0.275 0.8604166666666667 0.03125 0.041666666666666664
5 0.534375 0.1 0.03125 0.041666666666666664
6 0.55625 0.8354166666666667 0.03125 0.041666666666666664
7 0.3 0.09583333333333334 0.03125 0.041666666666666664
8 0.309375 0.8729166666666667 0.03125 0.041666666666666664
