0 0.521875 0.5385416666666667 0.04375 0.8020833333333334
1 0.5078125 0.5645833333333333 0.028125 0.041666666666666664
1 0.47578125000000004 0.5645833333333333 0.0265625 0.029166666666666667
2 0.5609375 0.215625 0.040625 0.07708333333333334
2 0.5703125 0.8083333333333333 0.034375 0.07083333333333333
9 0.575 0.13125 0.03125 0.041666666666666664
10 0.5796875 0.90625 0.03125 0.041666666666666664
3 0.2546875 0.12083333333333333 0.03125 0.041666666666666664
4 0.2578125 0.925 0.03125 0.041666666666666664
5 0.5390625 0.15625 0.03125 0.041666666666666664
6 0.55 0.9270833333333334 0.03125 0.041666666666666664
7 0.5046875 0.0375 0.03125 0.041666666666666664
8 0.5078125 0.975 0.03125 0.041666666666666664
