0 0.4765625 0.5479166666666667 0.1375 0.7666666666666667
1 0.42109375 0.578125 0.0390625 0.06041666666666667
2 0.5640625 0.2375 0.03125 0.07083333333333333
2 0.5695312499999999 0.8125 0.0359375 0.06666666666666667
9 0.5734375 0.14166666666666666 0.03125 0.041666666666666664
10 0.5828125 0.9104166666666667 0.03125 0.041666666666666664
3 0.2578125 0.14166666666666666 0.03125 0.041666666666666664
4 0.2703125 0.9333333333333333 0.03125 0.041666666666666664
5 0.53125 0.17083333333333334 0.03125 0.041666666666666664
6 0.546875 0.9229166666666667 0.03125 0.041666666666666664
7 0.403125 0.06458333333333334 0.03125 0.041666666666666664
8 0.415625 0.9729166666666667 0.03125 0.041666666666666664
