0 0.4546875 0.46249999999999997 0.265625 0.7958333333333333
1 0.35 0.5187499999999999 0.0375 0.058333333333333334
2 0.60625 0.15625 0.040625 0.07083333333333333
2 0.61171875 0.75625 0.0390625 0.0625
9 0.6171875 0.05416666666666667 0.03125 0.041666666666666664
10 0.628125 0.8416666666666667 0.03125 0.041666666666666664
3 0.2875 0.058333333333333334 0.03125 0.041666666666666664
4 0.30625 0.88125 0.03125 0.041666666666666664
5 0.5765625 0.08541666666666667 0.03125 0.041666666666666664
6 0.584375 0.8458333333333333 0.03125 0.041666666666666664
7 0.3296875 0.05 0.03125 0.041666666666666664
8 0.3359375 0.8875 0.03125 0.041666666666666664
