0 0.484375 0.5447916666666667 0.121875 0.7729166666666667
1 0.4390625 0.5770833333333334 0.040625 0.05416666666666667
2 0.55859375 0.24375 0.0390625 0.07916666666666666
2 0.5671875 0.8177083333333334 0.040625 0.06875
9 0.571875 0.13541666666666666 0.03125 0.041666666666666664
10 0.5828125 0.9166666666666666 0.03125 0.041666666666666664
3 0.253125 0.13125 0.03125 0.041666666666666664
4 0.265625 0.9270833333333334 0.03125 0.041666666666666664
5 0.5265625 0.16666666666666666 0.03125 0.041666666666666664
6 0.5375 0.9270833333333334 0.03125 0.041666666666666664
7 0.4265625 0.05416666666666667 0.03125 0.041666666666666664
8 0.4265625 0.96875 0.03125 0.041666666666666664
