0 0.4671875 0.5447916666666667 0.153125 0.76875
1 0.41015625 0.5750000000000001 0.0359375 0.05
9 0.5703125 0.13541666666666666 0.03125 0.041666666666666664
2 0.55546875 0.23333333333333334 0.0390625 0.06666666666666667
2 0.5687500000000001 0.8135416666666666 0.0375 0.06041666666666667
10 0.5828125 0.90625 0.03125 0.041666666666666664
3 0.2546875 0.13541666666666666 0.03125 0.041666666666666664
4 0.2703125 0.925 0.03125 0.041666666666666664
5 0.5265625 0.16458333333333333 0.03125 0.041666666666666664
6 0.5421875 0.9125 0.03125 0.041666666666666664
7 0.390625 0.0625 0.03125 0.041666666666666664
8 0.3984375 0.9833333333333333 0.03125 0.041666666666666664
