0 0.4625 0.5041666666666667 0.15625 0.7583333333333333
1 0.3875 0.5375000000000001 0.040625 0.0375
2 0.5609375 0.203125 0.040625 0.07708333333333334
2 0.56953125 0.7802083333333334 0.0390625 0.06875
9 0.5734375 0.10416666666666667 0.03125 0.041666666666666664
10 0.5828125 0.8708333333333333 0.03125 0.041666666666666664
3 0.253125 0.1 0.03125 0.041666666666666664
4 0.2734375 0.8854166666666666 0.03125 0.041666666666666664
5 0.53125 0.13541666666666666 0.03125 0.041666666666666664
6 0.5453125 0.8875 0.03125 0.041666666666666664
7 0.365625 0.03958333333333333 0.03125 0.041666666666666664
8 0.3765625 0.9708333333333333 0.03125 0.041666666666666664
