0 0.46328125 0.4666666666666667 0.2546875 0.7708333333333334
1 0.35078125 0.5145833333333334 0.0453125 0.0625
2 0.6078125 0.15 0.040625 0.07083333333333333
2 0.615625 0.7489583333333334 0.040625 0.07291666666666667
9 0.61875 0.05 0.03125 0.041666666666666664
10 0.6296875 0.8416666666666667 0.03125 0.041666666666666664
3 0.290625 0.06041666666666667 0.03125 0.041666666666666664
4 0.309375 0.8645833333333334 0.03125 0.041666666666666664
5 0.5734375 0.08541666666666667 0.03125 0.041666666666666664
6 0.5953125 0.85 0.03125 0.041666666666666664
7 0.33125 0.06875 0.03125 0.041666666666666664
8 0.34375 0.86875 0.03125 0.041666666666666664
