2 0.5640625 0.14791666666666667 0.0375 0.0625
2 0.575 0.7197916666666667 0.03125 0.06458333333333334
0 0.425 0.446875 0.265625 0.7479166666666667
1 0.3171875 0.496875 0.03125 0.03958333333333333
9 0.575 0.041666666666666664 0.03125 0.041666666666666664
10 0.5859375 0.8083333333333333 0.03125 0.041666666666666664
3 0.2515625 0.03958333333333333 0.03125 0.041666666666666664
4 0.278125 0.83125 0.03125 0.041666666666666664
5 0.53125 0.07916666666666666 0.03125 0.041666666666666664
6 0.5546875 0.8125 0.03125 0.041666666666666664
7 0.2953125 0.07291666666666667 0.03125 0.041666666666666664
8 0.309375 0.8333333333333334 0.03125 0.041666666666666664
