2 0.5578124999999999 0.14791666666666667 0.040625 0.075
2 0.57109375 0.7218749999999999 0.0359375 0.06041666666666667
0 0.42421875 0.44375000000000003 0.2390625 0.7375
1 0.31484375 0.49687499999999996 0.0359375 0.04375
9 0.5734375 0.04791666666666667 0.03125 0.041666666666666664
10 0.5828125 0.8145833333333333 0.03125 0.041666666666666664
3 0.246875 0.0375 0.03125 0.041666666666666664
4 0.275 0.8333333333333334 0.03125 0.041666666666666664
5 0.53125 0.08541666666666667 0.03125 0.041666666666666664
6 0.55 0.8145833333333333 0.03125 0.041666666666666664
7 0.2921875 0.07083333333333333 0.03125 0.041666666666666664
8 0.30625 0.8375 0.03125 0.041666666666666664
