0 0.43046875 0.48020833333333335 0.2421875 0.74375
1 0.3234375 0.5291666666666667 0.046875 0.04583333333333333
2 0.5656249999999999 0.18645833333333334 0.04375 0.07708333333333334
2 0.57734375 0.7614583333333333 0.0421875 0.07291666666666667
9 0.578125 0.08541666666666667 0.03125 0.041666666666666664
10 0.5890625 0.8541666666666666 0.03125 0.041666666666666664
3 0.2546875 0.0875 0.03125 0.041666666666666664
4 0.2765625 0.89375 0.03125 0.041666666666666664
5 0.5359375 0.12083333333333333 0.03125 0.041666666666666664
6 0.559375 0.85625 0.03125 0.041666666666666664
7 0.3 0.1 0.03125 0.041666666666666664
8 0.3109375 0.89375 0.03125 0.041666666666666664
