2 0.58671875 0.159375 0.0390625 0.07291666666666667
2 0.5921875000000001 0.75 0.0375 0.06666666666666667
0 0.46640625 0.478125 0.2046875 0.75625
1 0.38671875 0.5166666666666666 0.0390625 0.058333333333333334
9 0.5984375 0.05625 0.03125 0.041666666666666664
10 0.60625 0.85 0.03125 0.041666666666666664
3 0.2703125 0.06666666666666667 0.03125 0.041666666666666664
4 0.2921875 0.8770833333333333 0.03125 0.041666666666666664
5 0.553125 0.0875 0.03125 0.041666666666666664
6 0.5625 0.8541666666666666 0.03125 0.041666666666666664
7 0.359375 0.022916666666666665 0.03125 0.041666666666666664
8 0.3625 0.94375 0.03125 0.041666666666666664
