2 0.56171875 0.20208333333333334 0.0421875 0.07083333333333333
2 0.56875 0.7802083333333334 0.04375 0.06875
9 0.575 0.10208333333333333 0.03125 0.041666666666666664
10 0.5828125 0.85625 0.03125 0.041666666666666664
3 0.253125 0.09791666666666667 0.03125 0.041666666666666664
4 0.271875 0.8895833333333333 0.03125 0.041666666666666664
0 0.45390625 0.48125 0.1734375 0.775
1 0.3796875 0.5416666666666667 0.03125 0.041666666666666664
5 0.5265625 0.13125 0.03125 0.041666666666666664
6 0.5453125 0.8666666666666667 0.03125 0.041666666666666664
7 0.359375 0.0375 0.03125 0.041666666666666664
8 0.36875 0.95625 0.03125 0.041666666666666664
