2 0.5687500000000001 0.18645833333333334 0.0375 0.07291666666666667
2 0.57578125 0.75625 0.0390625 0.0625
9 0.575 0.075 0.03125 0.041666666666666664
10 0.590625 0.8479166666666667 0.03125 0.041666666666666664
0 0.43203125 0.484375 0.2421875 0.7395833333333334
1 0.3359375 0.5291666666666667 0.0375 0.04583333333333333
3 0.2578125 0.08125 0.03125 0.041666666666666664
4 0.2765625 0.8666666666666667 0.03125 0.041666666666666664
5 0.5359375 0.1125 0.03125 0.041666666666666664
6 0.55 0.8479166666666667 0.03125 0.041666666666666664
7 0.3140625 0.0625 0.03125 0.041666666666666664
8 0.321875 0.9083333333333333 0.03125 0.041666666666666664
