2 0.5640625 0.221875 0.0375 0.08125
2 0.5632812500000001 0.8010416666666668 0.0453125 0.06458333333333334
0 0.525 0.5322916666666667 0.04375 0.7979166666666667
1 0.5125 0.5583333333333333 0.025 0.04583333333333333
1 0.47734374999999996 0.5635416666666667 0.0203125 0.03125
9 0.5765625 0.12708333333333333 0.03125 0.041666666666666664
10 0.584375 0.89375 0.03125 0.041666666666666664
3 0.2484375 0.11041666666666666 0.03125 0.041666666666666664
4 0.2625 0.9270833333333334 0.03125 0.041666666666666664
5 0.5375 0.13958333333333334 0.03125 0.041666666666666664
6 0.5421875 0.93125 0.03125 0.041666666666666664
7 0.5015625 0.029166666666666667 0.03125 0.041666666666666664
8 0.5046875 0.96875 0.03125 0.041666666666666664
