0 0.45859375 0.459375 0.2609375 0.75625
1 0.3515625 0.5145833333333334 0.0375 0.0625
2 0.6023437500000001 0.15208333333333332 0.0453125 0.08333333333333333
2 0.61328125 0.7447916666666667 0.0421875 0.06875
9 0.615625 0.04375 0.03125 0.041666666666666664
10 0.628125 0.8375 0.03125 0.041666666666666664
3 0.2875 0.04791666666666667 0.03125 0.041666666666666664
4 0.3109375 0.8625 0.03125 0.041666666666666664
5 0.578125 0.07916666666666666 0.03125 0.041666666666666664
6 0.5875 0.8416666666666667 0.03125 0.041666666666666664
7 0.334375 0.06666666666666667 0.03125 0.041666666666666664
8 0.34375 0.8729166666666667 0.03125 0.041666666666666664

