0 0.42421875 0.4947916666666667 0.2546875 0.7354166666666667
1 0.325 0.5354166666666667 0.040625 0.05416666666666667
2 0.5625 0.19166666666666665 0.046875 0.07916666666666666
2 0.57734375 0.7666666666666667 0.0453125 0.0625
9 0.5734375 0.08541666666666667 0.03125 0.041666666666666664
10 0.5953125 0.8520833333333333 0.03125 0.041666666666666664
3 0.259375 0.08958333333333333 0.03125 0.041666666666666664
4 0.28125 0.8833333333333333 0.03125 0.041666666666666664
5 0.5328125 0.12708333333333333 0.03125 0.041666666666666664
6 0.55625 0.85625 0.03125 0.041666666666666664
7 0.296875 0.09375 0.03125 0.041666666666666664
8 0.3140625 0.8958333333333334 0.03125 0.041666666666666664
