0 0.41796875 0.44270833333333337 0.2265625 0.7395833333333334
1 0.31484375 0.4979166666666667 0.0359375 0.041666666666666664
2 0.5578124999999999 0.15104166666666669 0.040625 0.08541666666666667
2 0.56953125 0.7260416666666667 0.0421875 0.06875
9 0.5734375 0.05 0.03125 0.041666666666666664
10 0.5859375 0.8125 0.03125 0.041666666666666664
3 0.25 0.0375 0.03125 0.041666666666666664
4 0.2765625 0.8354166666666667 0.03125 0.041666666666666664
5 0.53125 0.08541666666666667 0.03125 0.041666666666666664
6 0.55 0.8166666666666667 0.03125 0.041666666666666664
7 0.2984375 0.08333333333333333 0.03125 0.041666666666666664
8 0.3125 0.8375 0.03125 0.041666666666666664
