0 0.46171875 0.5333333333333333 0.1578125 0.7666666666666667
1 0.40390625 0.5708333333333333 0.0421875 0.05
2 0.559375 0.23541666666666666 0.040625 0.09583333333333334
2 0.5679687499999999 0.8041666666666667 0.0484375 0.09583333333333334
9 0.5703125 0.13333333333333333 0.03125 0.041666666666666664
10 0.58125 0.9 0.03125 0.041666666666666664
3 0.2546875 0.12916666666666668 0.03125 0.041666666666666664
4 0.2671875 0.9125 0.03125 0.041666666666666664
5 0.5296875 0.1625 0.03125 0.041666666666666664
6 0.546875 0.9145833333333333 0.03125 0.041666666666666664
7 0.3859375 0.052083333333333336 0.03125 0.041666666666666664
8 0.390625 0.9770833333333333 0.03125 0.041666666666666664
