0 0.4421875 0.4739583333333333 0.196875 0.7520833333333333
1 0.3578125 0.515625 0.04375 0.06041666666666667
2 0.5578124999999999 0.178125 0.04375 0.07291666666666667
2 0.565625 0.7489583333333334 0.034375 0.06458333333333334
9 0.571875 0.07708333333333334 0.03125 0.041666666666666664
10 0.58125 0.84375 0.03125 0.041666666666666664
3 0.253125 0.06666666666666667 0.03125 0.041666666666666664
4 0.2671875 0.8666666666666667 0.03125 0.041666666666666664
5 0.5296875 0.11458333333333333 0.03125 0.041666666666666664
6 0.540625 0.84375 0.03125 0.041666666666666664
7 0.34375 0.020833333333333332 0.03125 0.041666666666666664
8 0.3453125 0.9291666666666667 0.03125 0.041666666666666664
