0 0.42578125 0.44895833333333335 0.2609375 0.7520833333333333
1 0.3125 0.5 0.0375 0.05
2 0.5609375000000001 0.15208333333333335 0.0375 0.07916666666666666
2 0.5703125 0.7145833333333333 0.034375 0.075
9 0.5765625 0.05625 0.03125 0.041666666666666664
10 0.5859375 0.8104166666666667 0.03125 0.041666666666666664
3 0.2515625 0.03958333333333333 0.03125 0.041666666666666664
4 0.278125 0.8458333333333333 0.03125 0.041666666666666664
5 0.525 0.08958333333333333 0.03125 0.041666666666666664
6 0.546875 0.8229166666666666 0.03125 0.041666666666666664
7 0.2875 0.07291666666666667 0.03125 0.041666666666666664
8 0.3125 0.8375 0.03125 0.041666666666666664
