2 0.6007812499999999 0.165625 0.0484375 0.08541666666666667
2 0.60703125 0.7625 0.0453125 0.075
0 0.45390624999999996 0.4760416666666667 0.2453125 0.78125
1 0.34921875 0.5239583333333333 0.0421875 0.06041666666666667
9 0.615625 0.0625 0.03125 0.041666666666666664
10 0.6234375 0.8583333333333333 0.03125 0.041666666666666664
3 0.2890625 0.07291666666666667 0.03125 0.041666666666666664
4 0.3015625 0.89375 0.03125 0.041666666666666664
5 0.565625 0.09791666666666667 0.03125 0.041666666666666664
6 0.58125 0.8520833333333333 0.03125 0.041666666666666664
7 0.3328125 0.0625 0.03125 0.041666666666666664
8 0.340625 0.9041666666666667 0.03125 0.041666666666666664
