0 0.45625 0.4614583333333333 0.234375 0.7895833333333333
1 0.35703124999999997 0.5166666666666666 0.0359375 0.05416666666666667
2 0.5890624999999999 0.15729166666666666 0.04375 0.08125
2 0.6 0.753125 0.046875 0.07708333333333334
9 0.6015625 0.052083333333333336 0.03125 0.041666666666666664
10 0.6140625 0.84375 0.03125 0.041666666666666664
3 0.278125 0.05 0.03125 0.041666666666666664
4 0.296875 0.88125 0.03125 0.041666666666666664
5 0.5625 0.08333333333333333 0.03125 0.041666666666666664
6 0.5734375 0.8520833333333333 0.03125 0.041666666666666664
7 0.3390625 0.029166666666666667 0.03125 0.041666666666666664
8 0.3484375 0.9145833333333333 0.03125 0.041666666666666664
