0 0.5406249999999999 0.4854166666666667 0.009375 0.8916666666666667
1 0.5515625 0.553125 0.0125 0.027083333333333334
1 0.51953125 0.55 0.0234375 0.041666666666666664
2 0.565625 0.21354166666666666 0.0375 0.08125
2 0.5671875000000001 0.7958333333333333 0.034375 0.06666666666666667
9 0.5765625 0.1125 0.03125 0.041666666666666664
10 0.5796875 0.89375 0.03125 0.041666666666666664
3 0.2546875 0.10208333333333333 0.03125 0.041666666666666664
4 0.2578125 0.9020833333333333 0.03125 0.041666666666666664
5 0.54375 0.16666666666666666 0.03125 0.041666666666666664
6 0.55 0.9083333333333333 0.03125 0.041666666666666664
7 0.5375 0.016666666666666666 0.03125 0.041666666666666664
8 0.540625 0.9791666666666666 0.03125 0.041666666666666664
