0 0.5375 0.5447916666666667 0.01875 0.7854166666666667
1 0.54453125 0.5583333333333332 0.0140625 0.029166666666666667
1 0.50625 0.5552083333333333 0.021875 0.03125
2 0.5640625 0.21770833333333334 0.03125 0.07291666666666667
2 0.56484375 0.8020833333333334 0.0390625 0.0625
9 0.571875 0.11666666666666667 0.03125 0.041666666666666664
10 0.5765625 0.89375 0.03125 0.041666666666666664
3 0.2515625 0.1 0.03125 0.041666666666666664
4 0.2515625 0.9125 0.03125 0.041666666666666664
5 0.5453125 0.15 0.03125 0.041666666666666664
6 0.5453125 0.91875 0.03125 0.041666666666666664
7 0.53125 0.027083333333333334 0.03125 0.041666666666666664
8 0.5359375 0.9791666666666666 0.03125 0.041666666666666664
