2 0.57890625 0.7635416666666667 0.0390625 0.06458333333333334
2 0.56796875 0.19374999999999998 0.0390625 0.07083333333333333
0 0.43046875 0.490625 0.2484375 0.7520833333333333
1 0.32578125 0.5375 0.0484375 0.04583333333333333
9 0.575 0.09166666666666666 0.03125 0.041666666666666664
10 0.59375 0.8520833333333333 0.03125 0.041666666666666664
3 0.2578125 0.09375 0.03125 0.041666666666666664
4 0.28125 0.8958333333333334 0.03125 0.041666666666666664
5 0.534375 0.12916666666666668 0.03125 0.041666666666666664
6 0.5515625 0.8625 0.03125 0.041666666666666664
7 0.309375 0.09583333333333334 0.03125 0.041666666666666664
8 0.3140625 0.9083333333333333 0.03125 0.041666666666666664
