2 0.56484375 0.22499999999999998 0.0390625 0.07083333333333333
2 0.5695312499999999 0.8020833333333334 0.0359375 0.0625
9 0.5765625 0.12083333333333333 0.03125 0.041666666666666664
10 0.5859375 0.8958333333333334 0.03125 0.041666666666666664
3 0.25625 0.12291666666666666 0.03125 0.041666666666666664
4 0.2640625 0.9291666666666667 0.03125 0.041666666666666664
5 0.5375 0.14166666666666666 0.03125 0.041666666666666664
6 0.55 0.9229166666666667 0.03125 0.041666666666666664
7 0.4921875 0.041666666666666664 0.03125 0.041666666666666664
8 0.4953125 0.9770833333333333 0.03125 0.041666666666666664
0 0.5171875 0.525 0.05625 0.7833333333333333
1 0.49296875 0.5656249999999999 0.0265625 0.04791666666666667
