2 0.5640625 0.17604166666666665 0.0375 0.06875
2 0.57578125 0.7510416666666666 0.0359375 0.05625
0 0.43437499999999996 0.4791666666666667 0.2375 0.75
1 0.33671875 0.5239583333333333 0.0421875 0.052083333333333336
9 0.578125 0.075 0.03125 0.041666666666666664
10 0.5890625 0.84375 0.03125 0.041666666666666664
3 0.2546875 0.07083333333333333 0.03125 0.041666666666666664
4 0.2765625 0.86875 0.03125 0.041666666666666664
5 0.53125 0.1125 0.03125 0.041666666666666664
6 0.553125 0.8520833333333333 0.03125 0.041666666666666664
7 0.3203125 0.052083333333333336 0.03125 0.041666666666666664
8 0.3234375 0.9083333333333333 0.03125 0.041666666666666664
