2 0.5625 0.18229166666666666 0.034375 0.07708333333333334
2 0.56953125 0.7552083333333334 0.0421875 0.07291666666666667
0 0.44140625 0.47604166666666664 0.2140625 0.75625
1 0.35 0.521875 0.0375 0.04791666666666667
9 0.575 0.06875 0.03125 0.041666666666666664
10 0.58125 0.84375 0.03125 0.041666666666666664
3 0.2515625 0.07291666666666667 0.03125 0.041666666666666664
4 0.2703125 0.86875 0.03125 0.041666666666666664
5 0.5265625 0.10833333333333334 0.03125 0.041666666666666664
6 0.5421875 0.85 0.03125 0.041666666666666664
7 0.33125 0.0375 0.03125 0.041666666666666664
8 0.334375 0.925 0.03125 0.041666666666666664
