0 0.4234375 0.4604166666666667 0.246875 0.7416666666666667
1 0.31171875 0.5083333333333333 0.0390625 0.05
2 0.56328125 0.16458333333333333 0.0359375 0.08333333333333333
2 0.57578125 0.7354166666666666 0.0390625 0.07083333333333333
9 0.5765625 0.058333333333333334 0.03125 0.041666666666666664
10 0.590625 0.8270833333333333 0.03125 0.041666666666666664
3 0.253125 0.06666666666666667 0.03125 0.041666666666666664
4 0.278125 0.8541666666666666 0.03125 0.041666666666666664
5 0.5375 0.0875 0.03125 0.041666666666666664
6 0.5546875 0.8354166666666667 0.03125 0.041666666666666664
7 0.296875 0.0875 0.03125 0.041666666666666664
8 0.30625 0.8583333333333333 0.03125 0.041666666666666664
