0 0.53125 0.5197916666666667 0.034375 0.8104166666666667
1 0.51953125 0.5416666666666667 0.0328125 0.05
2 0.5703125 0.19791666666666666 0.04375 0.07916666666666666
2 0.5671875 0.7864583333333334 0.046875 0.06875
9 0.584375 0.09583333333333334 0.03125 0.041666666666666664
10 0.584375 0.8916666666666667 0.03125 0.041666666666666664
3 0.2625 0.08958333333333333 0.03125 0.041666666666666664
4 0.265625 0.8979166666666667 0.03125 0.041666666666666664
5 0.5421875 0.125 0.03125 0.041666666666666664
6 0.5484375 0.9083333333333333 0.03125 0.041666666666666664
7 0.5140625 0.025 0.03125 0.041666666666666664
8 0.509375 0.9770833333333333 0.03125 0.041666666666666664
