0 0.4609375 0.5260416666666667 0.159375 0.76875
1 0.40078125000000003 0.5614583333333333 0.0421875 0.052083333333333336
2 0.55703125 0.215625 0.0484375 0.07708333333333334
2 0.56875 0.796875 0.040625 0.06458333333333334
9 0.571875 0.12083333333333333 0.03125 0.041666666666666664
10 0.5828125 0.8958333333333334 0.03125 0.041666666666666664
3 0.253125 0.12083333333333333 0.03125 0.041666666666666664
4 0.2671875 0.90625 0.03125 0.041666666666666664
5 0.525 0.15 0.03125 0.041666666666666664
6 0.540625 0.9 0.03125 0.041666666666666664
7 0.3765625 0.05 0.03125 0.041666666666666664
8 0.390625 0.9770833333333333 0.03125 0.041666666666666664
