0 0.48671875 0.5041666666666667 0.0984375 0.8041666666666667
1 0.453125 0.5479166666666666 0.040625 0.07083333333333333
2 0.5710937500000001 0.19479166666666667 0.0421875 0.08125
2 0.57734375 0.790625 0.0421875 0.07291666666666667
9 0.590625 0.09791666666666667 0.03125 0.041666666666666664
10 0.5890625 0.875 0.03125 0.041666666666666664
3 0.2640625 0.0875 0.03125 0.041666666666666664
4 0.265625 0.8916666666666667 0.03125 0.041666666666666664
5 0.546875 0.11666666666666667 0.03125 0.041666666666666664
6 0.5484375 0.9 0.03125 0.041666666666666664
7 0.440625 0.027083333333333334 0.03125 0.041666666666666664
8 0.4359375 0.96875 0.03125 0.041666666666666664
