0 0.4140625 0.44791666666666663 0.240625 0.725
1 0.31171875 0.49374999999999997 0.0390625 0.04583333333333333
2 0.5578124999999999 0.15208333333333335 0.04375 0.07916666666666666
2 0.5703125 0.7208333333333333 0.0375 0.0625
9 0.5734375 0.05 0.03125 0.041666666666666664
10 0.58125 0.8125 0.03125 0.041666666666666664
3 0.253125 0.04791666666666667 0.03125 0.041666666666666664
4 0.275 0.83125 0.03125 0.041666666666666664
5 0.53125 0.08541666666666667 0.03125 0.041666666666666664
6 0.5484375 0.8145833333333333 0.03125 0.041666666666666664
7 0.290625 0.07708333333333334 0.03125 0.041666666666666664
8 0.3125 0.8375 0.03125 0.041666666666666664
