0 0.5046875000000001 0.5041666666666667 0.084375 0.8041666666666667
1 0.478125 0.5416666666666666 0.034375 0.06666666666666667
2 0.57734375 0.19791666666666669 0.0390625 0.07083333333333333
2 0.575 0.7864583333333334 0.04375 0.06458333333333334
9 0.5875 0.10208333333333333 0.03125 0.041666666666666664
10 0.5890625 0.8895833333333333 0.03125 0.041666666666666664
3 0.2625 0.09583333333333334 0.03125 0.041666666666666664
4 0.2671875 0.9041666666666667 0.03125 0.041666666666666664
5 0.54375 0.11875 0.03125 0.041666666666666664
6 0.5453125 0.8958333333333334 0.03125 0.041666666666666664
7 0.46875 0.022916666666666665 0.03125 0.041666666666666664
8 0.46875 0.9666666666666667 0.03125 0.041666666666666664
