0 0.45 0.4697916666666667 0.225 0.76875
1 0.3484375 0.5239583333333333 0.046875 0.05625
2 0.6015625 0.16458333333333333 0.040625 0.08333333333333333
2 0.6109374999999999 0.7604166666666666 0.040625 0.07083333333333333
9 0.6171875 0.06458333333333334 0.03125 0.041666666666666664
10 0.6234375 0.8479166666666667 0.03125 0.041666666666666664
3 0.2890625 0.0625 0.03125 0.041666666666666664
4 0.3046875 0.8770833333333333 0.03125 0.041666666666666664
5 0.5734375 0.08541666666666667 0.03125 0.041666666666666664
6 0.5890625 0.8541666666666666 0.03125 0.041666666666666664
7 0.33125 0.05625 0.03125 0.041666666666666664
8 0.3390625 0.8916666666666667 0.03125 0.041666666666666664
