0 0.5296875 0.51875 0.03125 0.8208333333333333
1 0.525 0.5427083333333333 0.021875 0.04375
1 0.4875 0.540625 0.021875 0.035416666666666666
2 0.57265625 0.19999999999999998 0.0390625 0.06666666666666667
2 0.56875 0.7864583333333334 0.04375 0.07291666666666667
9 0.5859375 0.09583333333333334 0.03125 0.041666666666666664
10 0.584375 0.8895833333333333 0.03125 0.041666666666666664
3 0.2609375 0.0875 0.03125 0.041666666666666664
4 0.2625 0.8916666666666667 0.03125 0.041666666666666664
5 0.5515625 0.11875 0.03125 0.041666666666666664
6 0.5484375 0.9 0.03125 0.041666666666666664
7 0.51875 0.020833333333333332 0.03125 0.041666666666666664
8 0.521875 0.98125 0.03125 0.041666666666666664
