2 0.5593750000000001 0.21458333333333335 0.0375 0.07083333333333333
2 0.5640625 0.7947916666666667 0.0375 0.06875
0 0.5328125 0.528125 0.01875 0.7770833333333333
1 0.540625 0.553125 0.021875 0.035416666666666666
1 0.50546875 0.5552083333333333 0.0203125 0.035416666666666666
9 0.575 0.11458333333333333 0.03125 0.041666666666666664
10 0.578125 0.8895833333333333 0.03125 0.041666666666666664
3 0.2484375 0.09583333333333334 0.03125 0.041666666666666664
4 0.2546875 0.90625 0.03125 0.041666666666666664
5 0.540625 0.17083333333333334 0.03125 0.041666666666666664
6 0.546875 0.88125 0.03125 0.041666666666666664
7 0.525 0.029166666666666667 0.03125 0.041666666666666664
8 0.53125 0.96875 0.03125 0.041666666666666664
