2 0.55859375 0.13958333333333334 0.0390625 0.06666666666666667
2 0.5734374999999999 0.7125 0.04375 0.07083333333333333
0 0.42421875000000003 0.44583333333333336 0.2515625 0.7416666666666667
1 0.31640625 0.49270833333333336 0.0359375 0.04791666666666667
9 0.5734375 0.03958333333333333 0.03125 0.041666666666666664
10 0.5890625 0.8020833333333334 0.03125 0.041666666666666664
3 0.253125 0.03333333333333333 0.03125 0.041666666666666664
4 0.2796875 0.8270833333333333 0.03125 0.041666666666666664
5 0.5328125 0.07291666666666667 0.03125 0.041666666666666664
6 0.5515625 0.8020833333333334 0.03125 0.041666666666666664
7 0.29375 0.07083333333333333 0.03125 0.041666666666666664
8 0.3125 0.825 0.03125 0.041666666666666664
