0 0.43046875 0.46458333333333335 0.2421875 0.7416666666666667
1 0.3203125 0.5145833333333333 0.040625 0.04583333333333333
2 0.565625 0.16875 0.0375 0.0875
2 0.575 0.7333333333333333 0.040625 0.075
9 0.5765625 0.07083333333333333 0.03125 0.041666666666666664
10 0.5875 0.8333333333333334 0.03125 0.041666666666666664
3 0.2515625 0.06875 0.03125 0.041666666666666664
4 0.278125 0.8604166666666667 0.03125 0.041666666666666664
5 0.5328125 0.10416666666666667 0.03125 0.041666666666666664
6 0.5515625 0.8354166666666667 0.03125 0.041666666666666664
7 0.296875 0.0875 0.03125 0.041666666666666664
8 0.309375 0.8666666666666667 0.03125 0.041666666666666664
