0 0.46484375 0.46875 0.1921875 0.7875
1 0.3921875 0.51875 0.046875 0.0625
2 0.584375 0.16354166666666667 0.04375 0.08125
2 0.59453125 0.75625 0.0359375 0.075
9 0.5984375 0.06666666666666667 0.03125 0.041666666666666664
10 0.60625 0.8479166666666667 0.03125 0.041666666666666664
3 0.2671875 0.05416666666666667 0.03125 0.041666666666666664
4 0.2859375 0.8770833333333333 0.03125 0.041666666666666664
5 0.553125 0.09166666666666666 0.03125 0.041666666666666664
6 0.5625 0.8666666666666667 0.03125 0.041666666666666664
7 0.3671875 0.025 0.03125 0.041666666666666664
8 0.371875 0.94375 0.03125 0.041666666666666664
