0 0.5421874999999999 0.5083333333333333 0.0125 0.8333333333333334
1 0.55390625 0.54375 0.0140625 0.016666666666666666
1 0.52109375 0.546875 0.0234375 0.01875
2 0.56640625 0.21145833333333336 0.0296875 0.06875
2 0.56796875 0.7864583333333334 0.0359375 0.06875
9 0.575 0.1125 0.03125 0.041666666666666664
10 0.5828125 0.8916666666666667 0.03125 0.041666666666666664
3 0.253125 0.09375 0.03125 0.041666666666666664
4 0.2625 0.9145833333333333 0.03125 0.041666666666666664
5 0.546875 0.15208333333333332 0.03125 0.041666666666666664
6 0.5515625 0.9041666666666667 0.03125 0.041666666666666664
7 0.5390625 0.014583333333333334 0.03125 0.041666666666666664
8 0.5453125 0.9770833333333333 0.03125 0.041666666666666664
