0 0.45703125 0.4489583333333333 0.2296875 0.79375
1 0.3671875 0.5104166666666667 0.046875 0.06666666666666667
2 0.5875 0.153125 0.04375 0.08125
2 0.5960937500000001 0.7447916666666667 0.0453125 0.06875
9 0.60625 0.04375 0.03125 0.041666666666666664
10 0.60625 0.8354166666666667 0.03125 0.041666666666666664
3 0.2734375 0.05 0.03125 0.041666666666666664
4 0.2875 0.8729166666666667 0.03125 0.041666666666666664
5 0.559375 0.07916666666666666 0.03125 0.041666666666666664
6 0.5671875 0.85 0.03125 0.041666666666666664
7 0.3390625 0.022916666666666665 0.03125 0.041666666666666664
8 0.35 0.9166666666666666 0.03125 0.041666666666666664
