9 0.5984375 0.09166666666666666 0.03125 0.041666666666666664
10 0.6046875 0.8833333333333333 0.03125 0.041666666666666664
2 0.5875 0.19687500000000002 0.0375 0.07291666666666667
2 0.58671875 0.7864583333333334 0.0390625 0.06875
3 0.2734375 0.08958333333333333 0.03125 0.041666666666666664
4 0.2796875 0.8979166666666667 0.03125 0.041666666666666664
5 0.553125 0.12083333333333333 0.03125 0.041666666666666664
6 0.5609375 0.8958333333333334 0.03125 0.041666666666666664
7 0.4140625 0.029166666666666667 0.03125 0.041666666666666664
8 0.4125 0.96875 0.03125 0.041666666666666664
0 0.4828125 0.50625 0.1375 0.775
1 0.43046875 0.5479166666666666 0.0421875 0.06666666666666667
