2 0.60390625 0.14791666666666667 0.0421875 0.06666666666666667
2 0.6164062499999999 0.740625 0.0359375 0.07708333333333334
0 0.45703125 0.45625 0.2390625 0.7583333333333333
1 0.35234374999999996 0.5197916666666667 0.0359375 0.06041666666666667
9 0.621875 0.052083333333333336 0.03125 0.041666666666666664
10 0.634375 0.85 0.03125 0.041666666666666664
3 0.2875 0.05625 0.03125 0.041666666666666664
4 0.3125 0.8708333333333333 0.03125 0.041666666666666664
5 0.5734375 0.08333333333333333 0.03125 0.041666666666666664
6 0.590625 0.8395833333333333 0.03125 0.041666666666666664
7 0.3328125 0.08333333333333333 0.03125 0.041666666666666664
8 0.3484375 0.8729166666666667 0.03125 0.041666666666666664
