2 0.59375 0.15729166666666666 0.0375 0.07708333333333334
2 0.60546875 0.7541666666666667 0.0390625 0.0625
0 0.45625 0.459375 0.25 0.7854166666666667
1 0.3546875 0.521875 0.04375 0.06041666666666667
9 0.60625 0.052083333333333336 0.03125 0.041666666666666664
10 0.61875 0.8395833333333333 0.03125 0.041666666666666664
3 0.278125 0.0625 0.03125 0.041666666666666664
4 0.3046875 0.8770833333333333 0.03125 0.041666666666666664
5 0.565625 0.08541666666666667 0.03125 0.041666666666666664
6 0.5796875 0.8541666666666666 0.03125 0.041666666666666664
7 0.3328125 0.0375 0.03125 0.041666666666666664
8 0.3484375 0.9083333333333333 0.03125 0.041666666666666664
