0 0.46171875 0.46145833333333336 0.2265625 0.80625
1 0.3546875 0.5177083333333333 0.040625 0.06875
2 0.59609375 0.159375 0.0390625 0.08541666666666667
2 0.60546875 0.753125 0.0421875 0.07291666666666667
9 0.6078125 0.0625 0.03125 0.041666666666666664
10 0.6234375 0.85 0.03125 0.041666666666666664
3 0.28125 0.0625 0.03125 0.041666666666666664
4 0.303125 0.875 0.03125 0.041666666666666664
5 0.5640625 0.08958333333333333 0.03125 0.041666666666666664
6 0.58125 0.8583333333333333 0.03125 0.041666666666666664
7 0.3328125 0.03958333333333333 0.03125 0.041666666666666664
8 0.3453125 0.9145833333333333 0.03125 0.041666666666666664
