2 0.56640625 0.19479166666666667 0.0390625 0.06041666666666667
2 0.5804687500000001 0.759375 0.0453125 0.07291666666666667
0 0.4296875 0.49062500000000003 0.265625 0.76875
1 0.32421875 0.5364583333333333 0.0453125 0.04791666666666667
9 0.5796875 0.09375 0.03125 0.041666666666666664
10 0.5953125 0.85625 0.03125 0.041666666666666664
3 0.2578125 0.08958333333333333 0.03125 0.041666666666666664
4 0.2828125 0.8979166666666667 0.03125 0.041666666666666664
5 0.534375 0.12083333333333333 0.03125 0.041666666666666664
6 0.553125 0.8583333333333333 0.03125 0.041666666666666664
7 0.3 0.09583333333333334 0.03125 0.041666666666666664
8 0.3125 0.9041666666666667 0.03125 0.041666666666666664
