2 0.58828125 0.159375 0.0390625 0.06458333333333334
2 0.5968749999999999 0.746875 0.04375 0.06041666666666667
9 0.603125 0.041666666666666664 0.03125 0.041666666666666664
10 0.609375 0.8354166666666667 0.03125 0.041666666666666664
3 0.2671875 0.041666666666666664 0.03125 0.041666666666666664
4 0.2890625 0.8541666666666666 0.03125 0.041666666666666664
0 0.46015625000000004 0.471875 0.2140625 0.7645833333333333
1 0.38359375 0.51875 0.0296875 0.05
5 0.553125 0.08333333333333333 0.03125 0.041666666666666664
6 0.5640625 0.8479166666666667 0.03125 0.041666666666666664
7 0.3515625 0.022916666666666665 0.03125 0.041666666666666664
8 0.3625 0.9354166666666667 0.03125 0.041666666666666664
