0 0.4625 0.45625 0.2625 0.7791666666666667
1 0.35078125 0.5145833333333333 0.0390625 0.058333333333333334
2 0.609375 0.15104166666666666 0.04375 0.08125
2 0.615625 0.7427083333333333 0.04375 0.08125
9 0.6203125 0.04583333333333333 0.03125 0.041666666666666664
10 0.6296875 0.8333333333333334 0.03125 0.041666666666666664
3 0.290625 0.052083333333333336 0.03125 0.041666666666666664
4 0.3140625 0.8729166666666667 0.03125 0.041666666666666664
5 0.5765625 0.08541666666666667 0.03125 0.041666666666666664
6 0.5921875 0.8416666666666667 0.03125 0.041666666666666664
7 0.33125 0.058333333333333334 0.03125 0.041666666666666664
8 0.3453125 0.875 0.03125 0.041666666666666664
