0 0.5359375 0.5125 0.009375 0.8166666666666667
1 0.5460937499999999 0.5510416666666667 0.0171875 0.03958333333333333
1 0.5132812499999999 0.5541666666666666 0.0171875 0.029166666666666667
9 0.5765625 0.10833333333333334 0.03125 0.041666666666666664
10 0.578125 0.8916666666666667 0.03125 0.041666666666666664
3 0.25 0.10416666666666667 0.03125 0.041666666666666664
4 0.253125 0.9166666666666666 0.03125 0.041666666666666664
5 0.540625 0.14791666666666667 0.03125 0.041666666666666664
6 0.5421875 0.9083333333333333 0.03125 0.041666666666666664
7 0.5328125 0.025 0.03125 0.041666666666666664
8 0.5328125 0.9708333333333333 0.03125 0.041666666666666664
