0 0.45234375 0.4708333333333333 0.2015625 0.7666666666666667
1 0.3515625 0.5208333333333334 0.04375 0.07083333333333333
2 0.59609375 0.15833333333333333 0.0390625 0.07916666666666666
2 0.60703125 0.75625 0.0453125 0.075
9 0.609375 0.06875 0.03125 0.041666666666666664
10 0.6203125 0.8458333333333333 0.03125 0.041666666666666664
3 0.2828125 0.0625 0.03125 0.041666666666666664
4 0.3 0.8791666666666667 0.03125 0.041666666666666664
5 0.5640625 0.09791666666666667 0.03125 0.041666666666666664
6 0.578125 0.85625 0.03125 0.041666666666666664
7 0.3359375 0.05416666666666667 0.03125 0.041666666666666664
8 0.3453125 0.9166666666666666 0.03125 0.041666666666666664
