0 0.53125 0.51875 0.028125 0.8083333333333333
1 0.5328125 0.5447916666666667 0.021875 0.04375
1 0.49765625 0.5447916666666667 0.0265625 0.022916666666666665
2 0.5671875000000001 0.20208333333333334 0.0375 0.08333333333333333
2 0.5656249999999999 0.7885416666666667 0.040625 0.06875
9 0.584375 0.10416666666666667 0.03125 0.041666666666666664
10 0.578125 0.8895833333333333 0.03125 0.041666666666666664
3 0.259375 0.09791666666666667 0.03125 0.041666666666666664
4 0.2609375 0.8958333333333334 0.03125 0.041666666666666664
5 0.546875 0.12708333333333333 0.03125 0.041666666666666664
6 0.5453125 0.8979166666666667 0.03125 0.041666666666666664
7 0.521875 0.022916666666666665 0.03125 0.041666666666666664
8 0.521875 0.9729166666666667 0.03125 0.041666666666666664
