0 0.51953125 0.53125 0.0546875 0.7791666666666667
1 0.503125 0.559375 0.01875 0.052083333333333336
1 0.465625 0.559375 0.01875 0.035416666666666666
2 0.5671875 0.22083333333333333 0.040625 0.075
2 0.5718749999999999 0.8020833333333334 0.040625 0.0625
9 0.5765625 0.12083333333333333 0.03125 0.041666666666666664
10 0.58125 0.8958333333333334 0.03125 0.041666666666666664
3 0.25625 0.1125 0.03125 0.041666666666666664
4 0.2640625 0.9208333333333333 0.03125 0.041666666666666664
5 0.5421875 0.14375 0.03125 0.041666666666666664
6 0.5515625 0.9291666666666667 0.03125 0.041666666666666664
7 0.496875 0.029166666666666667 0.03125 0.041666666666666664
8 0.503125 0.975 0.03125 0.041666666666666664
