0 0.42109375 0.45416666666666666 0.2515625 0.7416666666666667
1 0.3171875 0.5010416666666666 0.0375 0.05625
2 0.5609375 0.15625 0.040625 0.07916666666666666
2 0.571875 0.728125 0.0375 0.06875
9 0.5765625 0.06041666666666667 0.03125 0.041666666666666664
10 0.5828125 0.8208333333333333 0.03125 0.041666666666666664
3 0.2515625 0.052083333333333336 0.03125 0.041666666666666664
4 0.2765625 0.84375 0.03125 0.041666666666666664
5 0.53125 0.09166666666666666 0.03125 0.041666666666666664
6 0.5484375 0.825 0.03125 0.041666666666666664
7 0.29375 0.07291666666666667 0.03125 0.041666666666666664
8 0.3109375 0.85 0.03125 0.041666666666666664
