2 0.55859375 0.234375 0.0421875 0.07291666666666667
2 0.5632812500000001 0.8083333333333333 0.0421875 0.075
0 0.48828125 0.5447916666666667 0.0984375 0.78125
1 0.45859375 0.5729166666666666 0.0390625 0.058333333333333334
9 0.5734375 0.13958333333333334 0.03125 0.041666666666666664
10 0.5796875 0.9041666666666667 0.03125 0.041666666666666664
3 0.2578125 0.14166666666666666 0.03125 0.041666666666666664
4 0.2609375 0.9375 0.03125 0.041666666666666664
5 0.5265625 0.16041666666666668 0.03125 0.041666666666666664
6 0.5375 0.9270833333333334 0.03125 0.041666666666666664
7 0.446875 0.05416666666666667 0.03125 0.041666666666666664
8 0.453125 0.9708333333333333 0.03125 0.041666666666666664
