0 0.5296875 0.5135416666666667 0.025 0.8104166666666667
1 0.534375 0.5489583333333333 0.015625 0.04375
1 0.4984375 0.55 0.021875 0.03333333333333333
2 0.55859375 0.20833333333333334 0.0390625 0.075
2 0.5640625 0.7958333333333333 0.034375 0.07083333333333333
9 0.575 0.10625 0.03125 0.041666666666666664
10 0.5796875 0.8979166666666667 0.03125 0.041666666666666664
3 0.246875 0.09791666666666667 0.03125 0.041666666666666664
4 0.253125 0.925 0.03125 0.041666666666666664
5 0.534375 0.13333333333333333 0.03125 0.041666666666666664
6 0.540625 0.9166666666666666 0.03125 0.041666666666666664
7 0.5203125 0.022916666666666665 0.03125 0.041666666666666664
8 0.528125 0.9791666666666666 0.03125 0.041666666666666664
