2 0.58359375 0.159375 0.0390625 0.07291666666666667
2 0.590625 0.7520833333333333 0.04375 0.0625
0 0.4578125 0.44895833333333335 0.21875 0.81875
1 0.38359375 0.515625 0.0390625 0.05625
9 0.5984375 0.05 0.03125 0.041666666666666664
10 0.6109375 0.8395833333333333 0.03125 0.041666666666666664
3 0.271875 0.05625 0.03125 0.041666666666666664
4 0.2921875 0.8604166666666667 0.03125 0.041666666666666664
5 0.5546875 0.08125 0.03125 0.041666666666666664
6 0.5640625 0.8458333333333333 0.03125 0.041666666666666664
7 0.3578125 0.025 0.03125 0.041666666666666664
8 0.3671875 0.9333333333333333 0.03125 0.041666666666666664
