0 0.49765625 0.53125 0.0734375 0.7916666666666666
1 0.46796875 0.5604166666666667 0.0296875 0.05
9 0.571875 0.13333333333333333 0.03125 0.041666666666666664
10 0.5765625 0.9020833333333333 0.03125 0.041666666666666664
3 0.2484375 0.11666666666666667 0.03125 0.041666666666666664
4 0.2609375 0.9270833333333334 0.03125 0.041666666666666664
5 0.5265625 0.15208333333333332 0.03125 0.041666666666666664
6 0.5390625 0.91875 0.03125 0.041666666666666664
7 0.4609375 0.041666666666666664 0.03125 0.041666666666666664
8 0.4625 0.98125 0.03125 0.041666666666666664
2 0.55859375 0.22604166666666667 0.0390625 0.06458333333333334
2 0.5625 0.8083333333333333 0.040625 0.06666666666666667
