0 0.5343749999999999 0.5239583333333333 0.028125 0.7854166666666667
1 0.53671875 0.5447916666666667 0.0234375 0.052083333333333336
1 0.5015625 0.5447916666666667 0.028125 0.04791666666666667
9 0.5828125 0.10625 0.03125 0.041666666666666664
10 0.5828125 0.8895833333333333 0.03125 0.041666666666666664
3 0.25625 0.09583333333333334 0.03125 0.041666666666666664
4 0.2609375 0.9020833333333333 0.03125 0.041666666666666664
5 0.546875 0.13333333333333333 0.03125 0.041666666666666664
6 0.5484375 0.9208333333333333 0.03125 0.041666666666666664
7 0.5234375 0.01875 0.03125 0.041666666666666664
8 0.5296875 0.9708333333333333 0.03125 0.041666666666666664
