0 0.54375 0.5041666666666667 0.0125 0.9583333333333334
1 0.55625 0.54375 0.015625 0.025
1 0.51796875 0.5427083333333333 0.0171875 0.03125
2 0.57109375 0.20520833333333333 0.0328125 0.06458333333333334
2 0.5695312499999999 0.7895833333333333 0.0328125 0.06666666666666667
9 0.58125 0.10416666666666667 0.03125 0.041666666666666664
10 0.584375 0.8895833333333333 0.03125 0.041666666666666664
3 0.253125 0.09375 0.03125 0.041666666666666664
4 0.2625 0.8958333333333334 0.03125 0.041666666666666664
5 0.5546875 0.17916666666666667 0.03125 0.041666666666666664
6 0.553125 0.91875 0.03125 0.041666666666666664
7 0.5375 0.008333333333333333 0.03125 0.041666666666666664
8 0.540625 0.98125 0.03125 0.041666666666666664
