0 0.46015625 0.475 0.2328125 0.775
1 0.359375 0.51875 0.04375 0.07083333333333333
2 0.59140625 0.15729166666666666 0.0515625 0.08125
2 0.5992187499999999 0.7552083333333334 0.0484375 0.08125
9 0.6046875 0.05416666666666667 0.03125 0.041666666666666664
10 0.615625 0.85 0.03125 0.041666666666666664
3 0.2828125 0.058333333333333334 0.03125 0.041666666666666664
4 0.296875 0.8604166666666667 0.03125 0.041666666666666664
5 0.5609375 0.08541666666666667 0.03125 0.041666666666666664
6 0.5765625 0.8479166666666667 0.03125 0.041666666666666664
7 0.3421875 0.022916666666666665 0.03125 0.041666666666666664
8 0.346875 0.9083333333333333 0.03125 0.041666666666666664
