0 0.5406249999999999 0.525 0.009375 0.7875
1 0.553125 0.55625 0.01875 0.03333333333333333
1 0.5164062500000001 0.5479166666666666 0.0265625 0.025
9 0.58125 0.1125 0.03125 0.041666666666666664
10 0.58125 0.89375 0.03125 0.041666666666666664
3 0.2609375 0.1 0.03125 0.041666666666666664
4 0.2609375 0.9125 0.03125 0.041666666666666664
5 0.546875 0.16041666666666668 0.03125 0.041666666666666664
6 0.5484375 0.91875 0.03125 0.041666666666666664
7 0.540625 0.025 0.03125 0.041666666666666664
8 0.5390625 0.9833333333333333 0.03125 0.041666666666666664
