2 0.60859375 0.15104166666666666 0.0390625 0.07291666666666667
2 0.61484375 0.7489583333333334 0.0390625 0.07291666666666667
0 0.45703125 0.4677083333333333 0.2390625 0.7604166666666666
1 0.3515625 0.5125 0.04375 0.05416666666666667
9 0.6171875 0.05 0.03125 0.041666666666666664
10 0.63125 0.8395833333333333 0.03125 0.041666666666666664
3 0.2890625 0.04791666666666667 0.03125 0.041666666666666664
4 0.30625 0.8708333333333333 0.03125 0.041666666666666664
5 0.5796875 0.08541666666666667 0.03125 0.041666666666666664
6 0.5875 0.8479166666666667 0.03125 0.041666666666666664
7 0.3328125 0.052083333333333336 0.03125 0.041666666666666664
8 0.3453125 0.8791666666666667 0.03125 0.041666666666666664
