0 0.4171875 0.4864583333333333 0.228125 0.74375
1 0.32656250000000003 0.5427083333333333 0.040625 0.052083333333333336
2 0.5671875000000001 0.18645833333333334 0.034375 0.07708333333333334
2 0.57734375 0.7614583333333333 0.0390625 0.07291666666666667
9 0.578125 0.1 0.03125 0.041666666666666664
10 0.5953125 0.85 0.03125 0.041666666666666664
3 0.259375 0.09375 0.03125 0.041666666666666664
4 0.284375 0.8833333333333333 0.03125 0.041666666666666664
5 0.534375 0.12708333333333333 0.03125 0.041666666666666664
6 0.5546875 0.8541666666666666 0.03125 0.041666666666666664
7 0.3015625 0.1 0.03125 0.041666666666666664
8 0.3140625 0.89375 0.03125 0.041666666666666664
