2 0.56015625 0.14791666666666667 0.0421875 0.08333333333333333
2 0.57265625 0.725 0.0484375 0.07916666666666666
0 0.41875 0.4447916666666667 0.25 0.7520833333333333
1 0.315625 0.49895833333333334 0.0375 0.04375
9 0.571875 0.05625 0.03125 0.041666666666666664
10 0.5828125 0.80625 0.03125 0.041666666666666664
3 0.25 0.04583333333333333 0.03125 0.041666666666666664
4 0.2734375 0.8333333333333334 0.03125 0.041666666666666664
5 0.5296875 0.08541666666666667 0.03125 0.041666666666666664
6 0.5453125 0.81875 0.03125 0.041666666666666664
7 0.29375 0.08125 0.03125 0.041666666666666664
8 0.3078125 0.8458333333333333 0.03125 0.041666666666666664
