0 0.459375 0.4614583333333333 0.234375 0.78125
1 0.346875 0.521875 0.046875 0.06458333333333334
9 0.6109375 0.0625 0.03125 0.041666666666666664
10 0.621875 0.8458333333333333 0.03125 0.041666666666666664
3 0.2828125 0.058333333333333334 0.03125 0.041666666666666664
4 0.303125 0.8875 0.03125 0.041666666666666664
5 0.5734375 0.08958333333333333 0.03125 0.041666666666666664
6 0.584375 0.8625 0.03125 0.041666666666666664
7 0.33125 0.06041666666666667 0.03125 0.041666666666666664
8 0.3390625 0.9 0.03125 0.041666666666666664
2 0.6015625 0.16875 0.04375 0.07083333333333333
2 0.609375 0.7604166666666666 0.0375 0.058333333333333334
