0 0.428125 0.4833333333333333 0.225 0.7625
1 0.33203125 0.5333333333333333 0.0390625 0.0625
2 0.5609375 0.19583333333333333 0.04375 0.08333333333333333
2 0.57890625 0.7645833333333333 0.0390625 0.06666666666666667
9 0.5765625 0.09791666666666667 0.03125 0.041666666666666664
10 0.5890625 0.8458333333333333 0.03125 0.041666666666666664
3 0.259375 0.09583333333333334 0.03125 0.041666666666666664
4 0.2796875 0.8833333333333333 0.03125 0.041666666666666664
5 0.5328125 0.12916666666666668 0.03125 0.041666666666666664
6 0.5484375 0.8645833333333334 0.03125 0.041666666666666664
7 0.3140625 0.07916666666666666 0.03125 0.041666666666666664
8 0.31875 0.9208333333333333 0.03125 0.041666666666666664
