0 0.4296875 0.47916666666666663 0.228125 0.7291666666666666
1 0.31953125 0.528125 0.0390625 0.04791666666666667
2 0.5640625 0.184375 0.0375 0.07291666666666667
2 0.5765625 0.7552083333333334 0.040625 0.07291666666666667
9 0.5734375 0.07916666666666666 0.03125 0.041666666666666664
10 0.5890625 0.85 0.03125 0.041666666666666664
3 0.25625 0.08125 0.03125 0.041666666666666664
4 0.278125 0.8791666666666667 0.03125 0.041666666666666664
5 0.5359375 0.12291666666666666 0.03125 0.041666666666666664
6 0.553125 0.85 0.03125 0.041666666666666664
7 0.2984375 0.09166666666666666 0.03125 0.041666666666666664
8 0.3125 0.8958333333333334 0.03125 0.041666666666666664
