0 0.51796875 0.5322916666666666 0.0578125 0.79375
1 0.4953125 0.5572916666666666 0.03125 0.04791666666666667
1 0.46640625 0.5583333333333332 0.0234375 0.025
9 0.5765625 0.12708333333333333 0.03125 0.041666666666666664
10 0.58125 0.9 0.03125 0.041666666666666664
3 0.2546875 0.1125 0.03125 0.041666666666666664
4 0.2609375 0.91875 0.03125 0.041666666666666664
5 0.540625 0.13541666666666666 0.03125 0.041666666666666664
6 0.5453125 0.91875 0.03125 0.041666666666666664
7 0.4859375 0.027083333333333334 0.03125 0.041666666666666664
8 0.4953125 0.975 0.03125 0.041666666666666664
2 0.5625 0.21875 0.040625 0.075
2 0.5671875000000001 0.8010416666666668 0.0375 0.06875
