0 0.47343749999999996 0.47187500000000004 0.175 0.76875
1 0.39375 0.521875 0.04375 0.06458333333333334
2 0.58359375 0.165625 0.0453125 0.08125
2 0.5921875 0.7572916666666667 0.04375 0.07291666666666667
9 0.5984375 0.06666666666666667 0.03125 0.041666666666666664
10 0.6078125 0.8520833333333333 0.03125 0.041666666666666664
3 0.2703125 0.06666666666666667 0.03125 0.041666666666666664
4 0.2890625 0.875 0.03125 0.041666666666666664
5 0.553125 0.09583333333333334 0.03125 0.041666666666666664
6 0.5640625 0.8583333333333333 0.03125 0.041666666666666664
7 0.36875 0.027083333333333334 0.03125 0.041666666666666664
8 0.3796875 0.9458333333333333 0.03125 0.041666666666666664
