2 0.5640624999999999 0.1947916666666667 0.040625 0.06875
2 0.57734375 0.7687499999999999 0.0421875 0.07083333333333333
0 0.43359375 0.484375 0.2328125 0.75625
1 0.32890625 0.5375 0.0484375 0.05
9 0.578125 0.09166666666666666 0.03125 0.041666666666666664
10 0.5921875 0.8645833333333334 0.03125 0.041666666666666664
3 0.259375 0.0875 0.03125 0.041666666666666664
4 0.2765625 0.8833333333333333 0.03125 0.041666666666666664
5 0.534375 0.12708333333333333 0.03125 0.041666666666666664
6 0.5453125 0.8625 0.03125 0.041666666666666664
7 0.315625 0.08333333333333333 0.03125 0.041666666666666664
8 0.3203125 0.9208333333333333 0.03125 0.041666666666666664
