0 0.47890625 0.5322916666666666 0.1140625 0.79375
1 0.440625 0.5791666666666667 0.0375 0.05
2 0.55625 0.240625 0.034375 0.08125
2 0.5640625 0.815625 0.046875 0.07291666666666667
9 0.5703125 0.14166666666666666 0.03125 0.041666666666666664
10 0.58125 0.9166666666666666 0.03125 0.041666666666666664
3 0.2515625 0.14166666666666666 0.03125 0.041666666666666664
4 0.259375 0.9375 0.03125 0.041666666666666664
5 0.5296875 0.16875 0.03125 0.041666666666666664
6 0.5390625 0.9270833333333334 0.03125 0.041666666666666664
7 0.428125 0.05625 0.03125 0.041666666666666664
8 0.43125 0.9708333333333333 0.03125 0.041666666666666664
