0 0.4203125 0.4375 0.225 0.7208333333333333
1 0.3171875 0.49374999999999997 0.034375 0.04583333333333333
2 0.55859375 0.13958333333333334 0.0390625 0.07083333333333333
2 0.5718749999999999 0.7145833333333333 0.040625 0.0625
9 0.571875 0.0375 0.03125 0.041666666666666664
10 0.5875 0.8083333333333333 0.03125 0.041666666666666664
3 0.2515625 0.035416666666666666 0.03125 0.041666666666666664
4 0.2796875 0.825 0.03125 0.041666666666666664
5 0.53125 0.075 0.03125 0.041666666666666664
6 0.55 0.80625 0.03125 0.041666666666666664
7 0.29375 0.07291666666666667 0.03125 0.041666666666666664
8 0.3140625 0.8291666666666667 0.03125 0.041666666666666664
