2 0.6046875 0.16979166666666667 0.03125 0.06875
2 0.61171875 0.7645833333333333 0.0328125 0.0625
0 0.459375 0.47500000000000003 0.253125 0.7708333333333334
1 0.34765625 0.53125 0.0421875 0.058333333333333334
9 0.6140625 0.05416666666666667 0.03125 0.041666666666666664
10 0.6203125 0.85625 0.03125 0.041666666666666664
3 0.284375 0.06458333333333334 0.03125 0.041666666666666664
4 0.3 0.8833333333333333 0.03125 0.041666666666666664
5 0.5703125 0.09583333333333334 0.03125 0.041666666666666664
6 0.5828125 0.8604166666666667 0.03125 0.041666666666666664
7 0.3296875 0.05625 0.03125 0.041666666666666664
8 0.3359375 0.9041666666666667 0.03125 0.041666666666666664
