0 0.4359375 0.4708333333333333 0.21875 0.7708333333333334
1 0.34140625 0.5197916666666667 0.0421875 0.04791666666666667
9 0.575 0.08125 0.03125 0.041666666666666664
10 0.5828125 0.84375 0.03125 0.041666666666666664
3 0.25 0.075 0.03125 0.041666666666666664
4 0.2765625 0.86875 0.03125 0.041666666666666664
5 0.534375 0.1125 0.03125 0.041666666666666664
6 0.5453125 0.8458333333333333 0.03125 0.041666666666666664
7 0.325 0.04791666666666667 0.03125 0.041666666666666664
8 0.3265625 0.9166666666666666 0.03125 0.041666666666666664
2 0.5625 0.17604166666666665 0.04375 0.06875
2 0.57109375 0.75 0.0359375 0.07083333333333333
