2 0.5609375000000001 0.15 0.0375 0.06666666666666667
2 0.57109375 0.7197916666666666 0.0390625 0.06041666666666667
0 0.42265625 0.446875 0.2578125 0.7479166666666667
1 0.3171875 0.49374999999999997 0.040625 0.04583333333333333
9 0.5703125 0.052083333333333336 0.03125 0.041666666666666664
10 0.5875 0.80625 0.03125 0.041666666666666664
3 0.246875 0.03958333333333333 0.03125 0.041666666666666664
4 0.2796875 0.8270833333333333 0.03125 0.041666666666666664
5 0.5328125 0.08541666666666667 0.03125 0.041666666666666664
6 0.546875 0.8145833333333333 0.03125 0.041666666666666664
7 0.2953125 0.07083333333333333 0.03125 0.041666666666666664
8 0.30625 0.83125 0.03125 0.041666666666666664
