0 0.534375 0.525 0.01875 0.8083333333333333
1 0.54140625 0.5499999999999999 0.0203125 0.029166666666666667
1 0.50390625 0.5541666666666666 0.0234375 0.025
2 0.5609375000000001 0.21666666666666667 0.0375 0.0625
2 0.565625 0.8020833333333334 0.0375 0.06666666666666667
9 0.5765625 0.10833333333333334 0.03125 0.041666666666666664
10 0.5734375 0.8958333333333334 0.03125 0.041666666666666664
3 0.25 0.10416666666666667 0.03125 0.041666666666666664
4 0.2609375 0.9145833333333333 0.03125 0.041666666666666664
5 0.540625 0.15416666666666667 0.03125 0.041666666666666664
6 0.54375 0.9125 0.03125 0.041666666666666664
7 0.5296875 0.041666666666666664 0.03125 0.041666666666666664
8 0.5359375 0.9729166666666667 0.03125 0.041666666666666664
