2 0.55703125 0.240625 0.0390625 0.07291666666666667
2 0.56171875 0.815625 0.0390625 0.06458333333333334
0 0.4859375 0.5479166666666667 0.103125 0.775
1 0.44687499999999997 0.5770833333333334 0.028125 0.041666666666666664
9 0.56875 0.13958333333333334 0.03125 0.041666666666666664
10 0.575 0.9145833333333333 0.03125 0.041666666666666664
3 0.25 0.13125 0.03125 0.041666666666666664
4 0.2578125 0.925 0.03125 0.041666666666666664
5 0.5265625 0.16041666666666668 0.03125 0.041666666666666664
6 0.5359375 0.9229166666666667 0.03125 0.041666666666666664
7 0.43125 0.04375 0.03125 0.041666666666666664
8 0.4390625 0.9708333333333333 0.03125 0.041666666666666664
