2 0.5546875 0.234375 0.0375 0.06875
2 0.5625 0.8114583333333333 0.040625 0.06041666666666667
0 0.48515625 0.5395833333333333 0.1015625 0.7875
1 0.45234375 0.5708333333333333 0.0296875 0.05
9 0.571875 0.1375 0.03125 0.041666666666666664
10 0.5796875 0.9104166666666667 0.03125 0.041666666666666664
3 0.253125 0.13333333333333333 0.03125 0.041666666666666664
4 0.259375 0.93125 0.03125 0.041666666666666664
5 0.5265625 0.16458333333333333 0.03125 0.041666666666666664
6 0.5359375 0.9270833333333334 0.03125 0.041666666666666664
7 0.4390625 0.041666666666666664 0.03125 0.041666666666666664
8 0.44375 0.9708333333333333 0.03125 0.041666666666666664
