0 0.533594 0.770139 0.021875 0.054167
8 0.2630208333333333 0.451171875 0.052083333333333336 0.0390625
8 0.7578125 0.44921875 0.052083333333333336 0.0390625
9 0.2604166666666667 0.98046875 0.052083333333333336 0.0390625
9 0.7578125 0.984375 0.052083333333333336 0.0390625
4 0.3046875 0.470703125 0.052083333333333336 0.0390625
4 0.734375 0.466796875 0.052083333333333336 0.0390625
5 0.2864583333333333 0.962890625 0.052083333333333336 0.0390625
5 0.7291666666666666 0.974609375 0.052083333333333336 0.0390625
6 0.5078125 0.470703125 0.052083333333333336 0.0390625
6 0.5390625 0.470703125 0.052083333333333336 0.0390625
7 0.5052083333333334 0.974609375 0.052083333333333336 0.0390625
7 0.5338541666666666 0.974609375 0.052083333333333336 0.0390625
