8 0.0029325513196480947 0.51953125 0.05865102639296188 0.0390625
8 0.8123167155425219 0.6796875 0.05865102639296188 0.0390625
9 0.844574780058651 0.900390625 0.05865102639296188 0.0390625
2 0.9648093841642228 0.67578125 0.05865102639296188 0.0390625
2 0.16715542521994134 0.5390625 0.05865102639296188 0.0390625
3 0.15542521994134897 0.869140625 0.05865102639296188 0.0390625
3 0.9794721407624634 0.892578125 0.05865102639296188 0.0390625
4 0.8475073313782991 0.701171875 0.05865102639296188 0.0390625
4 0.02346041055718475 0.548828125 0.05865102639296188 0.0390625
5 0.02932551319648094 0.8515625 0.05865102639296188 0.0390625
5 0.8651026392961877 0.892578125 0.05865102639296188 0.0390625
6 0.14369501466275658 0.55859375 0.05865102639296188 0.0390625
6 0.9354838709677419 0.6953125 0.05865102639296188 0.0390625
7 0.13196480938416422 0.86328125 0.05865102639296188 0.0390625
7 0.9530791788856304 0.88671875 0.05865102639296188 0.0390625
