0 0.501172 0.609028 0.089844 0.029167
0 0.625391 0.609722 0.111719 0.027778
8 0.41015625 0.3385416666666667 0.01953125 0.026041666666666668
8 0.70703125 0.3463541666666667 0.01953125 0.026041666666666668
9 0.4072265625 0.8893229166666666 0.01953125 0.026041666666666668
9 0.7080078125 0.8776041666666666 0.01953125 0.026041666666666668
4 0.42578125 0.36328125 0.01953125 0.026041666666666668
4 0.6962890625 0.3684895833333333 0.01953125 0.026041666666666668
5 0.42578125 0.8802083333333334 0.01953125 0.026041666666666668
5 0.6904296875 0.8723958333333334 0.01953125 0.026041666666666668
6 0.5517578125 0.3619791666666667 0.01953125 0.026041666666666668
6 0.5732421875 0.3619791666666667 0.01953125 0.026041666666666668
7 0.55078125 0.875 0.01953125 0.026041666666666668
7 0.568359375 0.8736979166666666 0.01953125 0.026041666666666668
