0 0.274219 0.445139 0.053125 0.343056
0 0.306641 0.444444 0.041406 0.327778
0 0.849609 0.529861 0.024219 0.029167
0 0.516016 0.501389 0.017969 0.022222
0 0.428125 0.572917 0.009375 0.015278
8 0.9453125 0.04563492063492063 0.0390625 0.03968253968253968
8 0.810546875 0.2896825396825397 0.0390625 0.03968253968253968
9 0.822265625 0.6924603174603174 0.0390625 0.03968253968253968
9 0.95703125 0.9702380952380952 0.0390625 0.03968253968253968
4 0.828125 0.29563492063492064 0.0390625 0.03968253968253968
4 0.9140625 0.08531746031746032 0.0390625 0.03968253968253968
5 0.8359375 0.6964285714285714 0.0390625 0.03968253968253968
5 0.9375 0.9265873015873016 0.0390625 0.03968253968253968
6 0.849609375 0.23809523809523808 0.0390625 0.03968253968253968
6 0.869140625 0.21428571428571427 0.0390625 0.03968253968253968
7 0.845703125 0.7222222222222222 0.0390625 0.03968253968253968
7 0.85546875 0.748015873015873 0.0390625 0.03968253968253968
8 0.771484375 0.37103174603174605 0.0390625 0.03968253968253968
9 0.7734375 0.6309523809523809 0.0390625 0.03968253968253968
2 0.640625 0.373015873015873 0.0390625 0.03968253968253968
3 0.6484375 0.5952380952380952 0.0390625 0.03968253968253968
4 0.76953125 0.38293650793650796 0.0390625 0.03968253968253968
5 0.765625 0.6130952380952381 0.0390625 0.03968253968253968
6 0.751953125 0.40476190476190477 0.0390625 0.03968253968253968
7 0.744140625 0.6051587301587301 0.0390625 0.03968253968253968
1 0.552734375 0.37996031746031744 0.0078125 0.025793650793650792
1 0.556640625 0.49503968253968256 0.01171875 0.017857142857142856
1 0.556640625 0.626984126984127 0.01171875 0.027777777777777776
1 0.951171875 0.13392857142857142 0.0078125 0.04563492063492063
1 0.9697265625 0.4950396825396825 0.029296875 0.04563492063492063
1 0.9560546875 0.8660714285714286 0.017578125 0.0496031746031746
1 0.826171875 0.3680555555555556 0.01171875 0.021825396825396824
1 0.830078125 0.5188492063492063 0.01171875 0.025793650793650792
1 0.826171875 0.6587301587301587 0.0078125 0.023809523809523808
8 0.552734375 0.30357142857142855 0.0390625 0.03968253968253968
9 0.5546875 0.6527777777777778 0.0390625 0.03968253968253968
2 0.498046875 0.26785714285714285 0.0390625 0.03968253968253968
3 0.5 0.6865079365079365 0.0390625 0.03968253968253968
4 0.53515625 0.3253968253968254 0.0390625 0.03968253968253968
5 0.546875 0.6329365079365079 0.0390625 0.03968253968253968
6 0.517578125 0.3055555555555556 0.0390625 0.03968253968253968
7 0.513671875 0.6507936507936508 0.0390625 0.03968253968253968
