0 0.113281 0.740278 0.053125 0.027778
0 0.119141 0.923611 0.041406 0.033333
0 0.818359 0.600694 0.038281 0.054167
8 0.33203125 0.006510416666666667 0.01953125 0.026041666666666668
9 0.3564453125 0.98828125 0.01953125 0.026041666666666668
2 0.65234375 0.005208333333333333 0.01953125 0.026041666666666668
3 0.6416015625 0.9791666666666666 0.01953125 0.026041666666666668
4 0.3505859375 0.0026041666666666665 0.01953125 0.026041666666666668
5 0.3759765625 0.9856770833333334 0.01953125 0.026041666666666668
6 0.3671875 0.009114583333333334 0.01953125 0.026041666666666668
7 0.3876953125 0.94921875 0.01953125 0.026041666666666668
4 0.9931640625 0.010416666666666666 0.01953125 0.026041666666666668
5 0.990234375 0.9830729166666666 0.01953125 0.026041666666666668
6 0.806640625 0.0078125 0.01953125 0.026041666666666668
7 0.7705078125 0.9895833333333334 0.01953125 0.026041666666666668
