0 0.847266 0.544444 0.035156 0.030556
0 0.855859 0.706944 0.042969 0.044444
0 0.855859 0.880556 0.047656 0.066667
0 0.762891 0.825000 0.042969 0.038889
0 0.761719 0.688194 0.034375 0.029167
0 0.760156 0.563889 0.037500 0.033333
0 0.618359 0.645833 0.086719 0.038889
0 0.616016 0.811806 0.077344 0.043056
0 0.061719 0.256250 0.028125 0.059722
0 0.431641 0.810417 0.132031 0.037500
4 0.173828125 0.015625 0.01953125 0.026041666666666668
5 0.1767578125 0.9830729166666666 0.01953125 0.026041666666666668
6 0.0419921875 0.010416666666666666 0.01953125 0.026041666666666668
7 0.0361328125 0.9856770833333334 0.01953125 0.026041666666666668
