0 0.487109 0.777778 0.014844 0.038889
0 0.480469 0.777778 0.012500 0.044444
0 0.610547 0.757639 0.039844 0.026389
0 0.617578 0.831250 0.042969 0.037500
0 0.614844 0.906944 0.048437 0.038889
0 0.410156 0.740972 0.017188 0.034722
0 0.820703 0.637500 0.013281 0.033333
0 0.808594 0.635417 0.017188 0.037500
0 0.432422 0.503472 0.028906 0.204167
0 0.451562 0.513889 0.026563 0.186111
0 0.616406 0.545833 0.017188 0.019444
8 0.5576171875 0.3203125 0.01953125 0.026041666666666668
9 0.5537109375 0.58984375 0.01953125 0.026041666666666668
2 0.626953125 0.3111979166666667 0.01953125 0.026041666666666668
3 0.6279296875 0.6080729166666666 0.01953125 0.026041666666666668
4 0.568359375 0.33984375 0.01953125 0.026041666666666668
5 0.5703125 0.58984375 0.01953125 0.026041666666666668
6 0.6142578125 0.328125 0.01953125 0.026041666666666668
7 0.6142578125 0.6015625 0.01953125 0.026041666666666668
1 0.56884765625 0.3899739583333333 0.0048828125 0.01953125
