0 0.321875 0.456250 0.025000 0.106944
0 0.310156 0.334722 0.026563 0.119444
0 0.854688 0.777778 0.064062 0.055556
0 0.841406 0.857639 0.057813 0.068056
0 0.831250 0.947917 0.056250 0.073611
0 0.239063 0.230556 0.014062 0.027778
0 0.250781 0.229861 0.007812 0.029167
0 0.729297 0.158333 0.016406 0.066667
0 0.744922 0.157639 0.016406 0.062500
0 0.603516 0.318056 0.008594 0.041667
0 0.610937 0.315972 0.010937 0.043056
0 0.858984 0.308333 0.013281 0.077778
4 0.1142578125 0.19765739385065886 0.01953125 0.029282576866764276
5 0.083984375 0.19765739385065886 0.01953125 0.029282576866764276
6 0.1728515625 0.5929721815519766 0.01953125 0.029282576866764276
7 0.15234375 0.5988286969253295 0.01953125 0.029282576866764276
