0 0.699219 0.252778 0.034375 0.177778
0 0.696094 0.411806 0.029687 0.145833
0 0.821484 0.558333 0.047656 0.041667
0 0.879687 0.609722 0.054688 0.050000
0 0.949609 0.666667 0.080469 0.055556
0 0.607031 0.351389 0.018750 0.036111
8 0.5927734375 0.07682291666666666 0.01953125 0.026041666666666668
2 0.421875 0.0703125 0.01953125 0.026041666666666668
6 0.4306640625 0.08854166666666666 0.01953125 0.026041666666666668
4 0.6142578125 0.08984375 0.01953125 0.026041666666666668
5 0.6005859375 0.60546875 0.01953125 0.026041666666666668
6 0.54296875 0.0859375 0.01953125 0.026041666666666668
7 0.533203125 0.6041666666666667 0.01953125 0.026041666666666668
