8 0.259765625 0.0625 0.01953125 0.026041666666666668
8 0.0673828125 0.12109375 0.01953125 0.026041666666666668
9 0.09765625 0.51171875 0.01953125 0.026041666666666668
9 0.2861328125 0.5989583333333334 0.01953125 0.026041666666666668
4 0.0791015625 0.12890625 0.01953125 0.026041666666666668
4 0.2529296875 0.07682291666666667 0.01953125 0.026041666666666668
5 0.1123046875 0.51171875 0.01953125 0.026041666666666668
5 0.2763671875 0.5833333333333334 0.01953125 0.026041666666666668
6 0.1474609375 0.10416666666666667 0.01953125 0.026041666666666668
6 0.16015625 0.10416666666666667 0.01953125 0.026041666666666668
7 0.177734375 0.5442708333333334 0.01953125 0.026041666666666668
7 0.1904296875 0.5442708333333334 0.01953125 0.026041666666666668
