0 0.901172 0.443750 0.013281 0.065278
0 0.916016 0.444444 0.013281 0.066667
1 0.81689453125 0.07743362831858407 0.0087890625 0.03982300884955752
1 0.9794921875 0.13495575221238937 0.005859375 0.045722713864306784
8 0.8076171875 0.007374631268436578 0.01953125 0.029498525073746312
8 0.9794921875 0.05752212389380531 0.01953125 0.029498525073746312
9 0.7890625 0.7418879056047197 0.01953125 0.029498525073746312
4 0.8203125 0.02654867256637168 0.01953125 0.029498525073746312
4 0.9775390625 0.084070796460177 0.01953125 0.029498525073746312
5 0.8095703125 0.7404129793510325 0.01953125 0.029498525073746312
5 0.9638671875 0.6740412979351033 0.01953125 0.029498525073746312
6 0.900390625 0.05309734513274336 0.01953125 0.029498525073746312
6 0.9111328125 0.06047197640117994 0.01953125 0.029498525073746312
7 0.892578125 0.7064896755162242 0.01953125 0.029498525073746312
7 0.904296875 0.6991150442477876 0.01953125 0.029498525073746312
