0 0.256250 0.611111 0.035937 0.030556
0 0.258203 0.688194 0.039844 0.023611
0 0.258594 0.760417 0.042188 0.023611
0 0.489062 0.720833 0.032812 0.025000
0 0.484766 0.645139 0.025781 0.034722
0 0.487500 0.582639 0.032812 0.023611
0 0.377344 0.595139 0.018750 0.026389
0 0.376953 0.666667 0.017969 0.033333
0 0.378125 0.738889 0.020312 0.027778
2 0.98046875 0.13151041666666666 0.01953125 0.026041666666666668
1 0.939453125 0.21744791666666666 0.013671875 0.036458333333333336
1 0.9306640625 0.3723958333333333 0.01171875 0.026041666666666668
1 0.921875 0.541015625 0.009765625 0.032552083333333336
1 0.91357421875 0.6842447916666667 0.0107421875 0.022135416666666668
8 0.908203125 0.1328125 0.01953125 0.026041666666666668
9 0.88671875 0.6627604166666666 0.01953125 0.026041666666666668
4 0.935546875 0.15234375 0.01953125 0.026041666666666668
5 0.9091796875 0.6627604166666666 0.01953125 0.026041666666666668
6 0.9794921875 0.15234375 0.01953125 0.026041666666666668
7 0.955078125 0.6588541666666666 0.01953125 0.026041666666666668
