0 0.657422 0.456944 0.021094 0.052778
0 0.214844 0.400694 0.018750 0.040278
8 0.109375 0.20572916666666666 0.01953125 0.026041666666666668
9 0.115234375 0.5651041666666666 0.01953125 0.026041666666666668
2 0.2255859375 0.21223958333333334 0.01953125 0.026041666666666668
3 0.23046875 0.55859375 0.01953125 0.026041666666666668
4 0.1142578125 0.22395833333333334 0.01953125 0.026041666666666668
5 0.1220703125 0.5520833333333334 0.01953125 0.026041666666666668
6 0.212890625 0.23177083333333334 0.01953125 0.026041666666666668
7 0.220703125 0.5481770833333334 0.01953125 0.026041666666666668
1 0.63916015625 0.22135416666666666 0.0263671875 0.020833333333333332
1 0.609375 0.267578125 0.01171875 0.024739583333333332
1 0.6044921875 0.3515625 0.009765625 0.03125
8 0.5966796875 0.18880208333333334 0.01953125 0.026041666666666668
9 0.5859375 0.63671875 0.01953125 0.026041666666666668
2 0.67578125 0.18098958333333334 0.01953125 0.026041666666666668
3 0.662109375 0.6888020833333334 0.01953125 0.026041666666666668
4 0.60546875 0.2109375 0.01953125 0.026041666666666668
5 0.59765625 0.6341145833333334 0.01953125 0.026041666666666668
6 0.6640625 0.20052083333333334 0.01953125 0.026041666666666668
7 0.6533203125 0.6705729166666666 0.01953125 0.026041666666666668
