0 0.739453 0.586111 0.013281 0.036111
0 0.748828 0.525000 0.017969 0.058333
8 0.6044921875 0.18448023426061494 0.01953125 0.029282576866764276
8 0.8671875 0.18594436310395315 0.01953125 0.029282576866764276
9 0.609375 0.862371888726208 0.01953125 0.029282576866764276
9 0.865234375 0.862371888726208 0.01953125 0.029282576866764276
4 0.623046875 0.22547584187408493 0.01953125 0.029282576866764276
4 0.8388671875 0.232796486090776 0.01953125 0.029282576866764276
5 0.625 0.8418740849194729 0.01953125 0.029282576866764276
5 0.84765625 0.8506588579795022 0.01953125 0.029282576866764276
6 0.716796875 0.232796486090776 0.01953125 0.029282576866764276
6 0.736328125 0.232796486090776 0.01953125 0.029282576866764276
7 0.71875 0.8433382137628112 0.01953125 0.029282576866764276
7 0.7431640625 0.8448023426061494 0.01953125 0.029282576866764276
