8 0.8544921875 0.640625 0.01953125 0.026041666666666668
8 0.9072265625 0.6458333333333334 0.01953125 0.026041666666666668
8 0.380859375 0.6341145833333334 0.01953125 0.026041666666666668
9 0.849609375 0.8177083333333334 0.01953125 0.026041666666666668
9 0.9033203125 0.81640625 0.01953125 0.026041666666666668
9 0.37890625 0.83984375 0.01953125 0.026041666666666668
2 0.30859375 0.6302083333333334 0.01953125 0.026041666666666668
3 0.2919921875 0.8411458333333334 0.01953125 0.026041666666666668
4 0.8603515625 0.6510416666666666 0.01953125 0.026041666666666668
4 0.8916015625 0.6536458333333334 0.01953125 0.026041666666666668
4 0.361328125 0.6536458333333334 0.01953125 0.026041666666666668
5 0.861328125 0.7994791666666666 0.01953125 0.026041666666666668
5 0.890625 0.796875 0.01953125 0.026041666666666668
5 0.3515625 0.8346354166666666 0.01953125 0.026041666666666668
6 0.3173828125 0.6484375 0.01953125 0.026041666666666668
6 0.875 0.65234375 0.01953125 0.026041666666666668
6 0.8798828125 0.65234375 0.01953125 0.026041666666666668
7 0.314453125 0.8333333333333334 0.01953125 0.026041666666666668
7 0.875 0.7981770833333334 0.01953125 0.026041666666666668
7 0.8779296875 0.7981770833333334 0.01953125 0.026041666666666668
