8 0.5859375 0.1875 0.052083333333333336 0.0390625
9 0.5078125 0.990234375 0.052083333333333336 0.0390625
2 0.9921875 0.1015625 0.052083333333333336 0.0390625
3 0.9817708333333334 0.984375 0.052083333333333336 0.0390625
4 0.6171875 0.216796875 0.052083333333333336 0.0390625
5 0.5572916666666666 0.962890625 0.052083333333333336 0.0390625
6 0.8411458333333334 0.330078125 0.052083333333333336 0.0390625
7 0.8203125 0.98046875 0.052083333333333336 0.0390625
1 0.62890625 0.3212890625 0.028645833333333332 0.052734375
1 0.5859375 0.7763671875 0.026041666666666668 0.056640625
