8 0.1015625 0.07421875 0.052083333333333336 0.0390625
8 0.8723958333333334 0.078125 0.052083333333333336 0.0390625
9 0.0234375 0.947265625 0.052083333333333336 0.0390625
9 0.9791666666666666 0.953125 0.052083333333333336 0.0390625
4 0.13802083333333334 0.08984375 0.052083333333333336 0.0390625
4 0.8385416666666666 0.095703125 0.052083333333333336 0.0390625
5 0.0625 0.962890625 0.052083333333333336 0.0390625
5 0.9348958333333334 0.947265625 0.052083333333333336 0.0390625
6 0.4583333333333333 0.09375 0.052083333333333336 0.0390625
6 0.515625 0.09375 0.052083333333333336 0.0390625
7 0.4713541666666667 0.96875 0.052083333333333336 0.0390625
7 0.5364583333333334 0.96875 0.052083333333333336 0.0390625
