0 0.528906 0.444444 0.015625 0.047222
8 0.2890625 0.22265625 0.052083333333333336 0.0390625
8 0.7395833333333334 0.234375 0.052083333333333336 0.0390625
9 0.2786458333333333 0.78125 0.052083333333333336 0.0390625
9 0.7005208333333334 0.763671875 0.052083333333333336 0.0390625
4 0.3255208333333333 0.2265625 0.052083333333333336 0.0390625
4 0.7005208333333334 0.248046875 0.052083333333333336 0.0390625
5 0.3203125 0.767578125 0.052083333333333336 0.0390625
5 0.6614583333333334 0.76171875 0.052083333333333336 0.0390625
6 0.5052083333333334 0.23046875 0.052083333333333336 0.0390625
6 0.5286458333333334 0.234375 0.052083333333333336 0.0390625
7 0.4739583333333333 0.7578125 0.052083333333333336 0.0390625
7 0.5052083333333334 0.7578125 0.052083333333333336 0.0390625
