0 0.691797 0.646528 0.041406 0.351389
1 0.7890625 0.3058823529411765 0.04296875 0.02091503267973856
9 0.8671875 0.9398692810457516 0.01953125 0.026143790849673203
8 0.8388671875 0.30718954248366015 0.01953125 0.026143790849673203
2 0.6494140625 0.29934640522875816 0.01953125 0.026143790849673203
3 0.666015625 0.9398692810457516 0.01953125 0.026143790849673203
4 0.8408203125 0.3084967320261438 0.01953125 0.026143790849673203
5 0.87109375 0.9411764705882353 0.01953125 0.026143790849673203
6 0.6513671875 0.29934640522875816 0.01953125 0.026143790849673203
7 0.6669921875 0.9411764705882353 0.01953125 0.026143790849673203
