0 0.905469 0.715972 0.025000 0.045833
1 0.7109375 0.37132352941176466 0.009765625 0.045588235294117645
1 0.7041015625 0.6595588235294118 0.013671875 0.045588235294117645
1 0.68896484375 0.9301470588235294 0.0068359375 0.039705882352941174
8 0.7119140625 0.2323529411764706 0.01953125 0.029411764705882353
8 0.7578125 0.2323529411764706 0.01953125 0.029411764705882353
9 0.6875 0.9602941176470589 0.01953125 0.029411764705882353
9 0.7333984375 0.9602941176470589 0.01953125 0.029411764705882353
2 0.509765625 0.18529411764705883 0.01953125 0.029411764705882353
2 0.947265625 0.2 0.01953125 0.029411764705882353
3 0.5009765625 0.27647058823529413 0.01953125 0.029411764705882353
3 0.91015625 0.9352941176470588 0.01953125 0.029411764705882353
4 0.6982421875 0.2529411764705882 0.01953125 0.029411764705882353
4 0.7783203125 0.2647058823529412 0.01953125 0.029411764705882353
5 0.6748046875 0.9529411764705882 0.01953125 0.029411764705882353
5 0.7490234375 0.9647058823529412 0.01953125 0.029411764705882353
6 0.5205078125 0.2161764705882353 0.01953125 0.029411764705882353
6 0.9296875 0.2426470588235294 0.01953125 0.029411764705882353
7 0.515625 0.2838235294117647 0.01953125 0.029411764705882353
7 0.89453125 0.9338235294117647 0.01953125 0.029411764705882353
