8 0.4479166666666667 0.55078125 0.052083333333333336 0.0390625
8 0.6432291666666666 0.556640625 0.052083333333333336 0.0390625
9 0.4401041666666667 0.83984375 0.052083333333333336 0.0390625
9 0.6484375 0.83984375 0.052083333333333336 0.0390625
4 0.4791666666666667 0.57421875 0.052083333333333336 0.0390625
4 0.6171875 0.57421875 0.052083333333333336 0.0390625
5 0.4765625 0.83984375 0.052083333333333336 0.0390625
5 0.6197916666666666 0.83984375 0.052083333333333336 0.0390625
6 0.5338541666666666 0.578125 0.052083333333333336 0.0390625
6 0.5651041666666666 0.578125 0.052083333333333336 0.0390625
7 0.53125 0.83984375 0.052083333333333336 0.0390625
7 0.5625 0.83984375 0.052083333333333336 0.0390625
