8 0.0029296875 0.27379209370424595 0.01953125 0.029282576866764276
9 0.0078125 0.7818448023426061 0.01953125 0.029282576866764276
2 0.1611328125 0.27379209370424595 0.01953125 0.029282576866764276
3 0.1669921875 0.7774524158125915 0.01953125 0.029282576866764276
4 0.0048828125 0.2972181551976574 0.01953125 0.029282576866764276
5 0.0224609375 0.7584187408491947 0.01953125 0.029282576866764276
6 0.146484375 0.2957540263543192 0.01953125 0.029282576866764276
7 0.1533203125 0.759882869692533 0.01953125 0.029282576866764276
8 0.962890625 0.2020497803806735 0.01953125 0.029282576866764276
9 0.9208984375 0.7159590043923865 0.01953125 0.029282576866764276
4 0.9716796875 0.2342606149341142 0.01953125 0.029282576866764276
5 0.9423828125 0.698389458272328 0.01953125 0.029282576866764276
