8 0.9599609375 0.4695290858725762 0.01953125 0.027700831024930747
9 0.9619140625 0.7285318559556787 0.01953125 0.027700831024930747
4 0.9580078125 0.47645429362880887 0.01953125 0.027700831024930747
5 0.958984375 0.7229916897506925 0.01953125 0.027700831024930747
6 0.9296875 0.4709141274238227 0.01953125 0.027700831024930747
7 0.9306640625 0.721606648199446 0.01953125 0.027700831024930747
8 0.49609375 0.518005540166205 0.01953125 0.027700831024930747
9 0.4921875 0.814404432132964 0.01953125 0.027700831024930747
2 0.44140625 0.5110803324099723 0.01953125 0.027700831024930747
4 0.4912109375 0.5249307479224377 0.01953125 0.027700831024930747
5 0.490234375 0.8116343490304709 0.01953125 0.027700831024930747
6 0.4423828125 0.5207756232686981 0.01953125 0.027700831024930747
7 0.4423828125 0.8116343490304709 0.01953125 0.027700831024930747
8 0.0498046875 0.5263157894736842 0.01953125 0.027700831024930747
9 0.048828125 0.925207756232687 0.01953125 0.027700831024930747
4 0.044921875 0.5429362880886427 0.01953125 0.027700831024930747
5 0.041015625 0.9182825484764543 0.01953125 0.027700831024930747
6 0.001953125 0.5332409972299169 0.01953125 0.027700831024930747
7 0.001953125 0.9293628808864266 0.01953125 0.027700831024930747
