0 0.736328 0.703472 0.061719 0.051389
0 0.829687 0.712500 0.043750 0.044444
0 0.939453 0.761111 0.044531 0.052778
8 0.7604166666666666 0.017578125 0.052083333333333336 0.0390625
2 0.17708333333333331 0.0390625 0.052083333333333336 0.0390625
3 0.19270833333333331 0.978515625 0.052083333333333336 0.0390625
4 0.6927083333333333 0.06640625 0.052083333333333336 0.0390625
5 0.6588541666666666 0.912109375 0.052083333333333336 0.0390625
6 0.8307291666666666 0.01171875 0.052083333333333336 0.0390625
7 0.7760416666666666 0.9921875 0.052083333333333336 0.0390625
