8 0.2978515625 0.11783960720130933 0.01953125 0.03273322422258593
8 0.451171875 0.11292962356792144 0.01953125 0.03273322422258593
9 0.2978515625 0.6104746317512275 0.01953125 0.03273322422258593
9 0.44921875 0.6121112929623568 0.01953125 0.03273322422258593
4 0.3076171875 0.13747954173486088 0.01953125 0.03273322422258593
4 0.439453125 0.12929623567921442 0.01953125 0.03273322422258593
5 0.3076171875 0.5990180032733224 0.01953125 0.03273322422258593
5 0.4423828125 0.5941080196399345 0.01953125 0.03273322422258593
6 0.3701171875 0.12929623567921442 0.01953125 0.03273322422258593
6 0.38671875 0.12438625204582651 0.01953125 0.03273322422258593
7 0.3701171875 0.5957446808510638 0.01953125 0.03273322422258593
7 0.3818359375 0.5924713584288053 0.01953125 0.03273322422258593
