0 0.498437 0.486111 0.026563 0.038889
8 0.1953125 0.010248901903367497 0.01953125 0.029282576866764276
8 0.677734375 0.004392386530014641 0.01953125 0.029282576866764276
9 0.1845703125 0.9809663250366032 0.01953125 0.029282576866764276
9 0.6513671875 0.9824304538799414 0.01953125 0.029282576866764276
4 0.2216796875 0.01171303074670571 0.01953125 0.029282576866764276
4 0.64453125 0.005856515373352855 0.01953125 0.029282576866764276
5 0.23046875 0.9795021961932651 0.01953125 0.029282576866764276
5 0.6298828125 0.9765739385065886 0.01953125 0.029282576866764276
6 0.4482421875 0.01171303074670571 0.01953125 0.029282576866764276
6 0.4736328125 0.016105417276720352 0.01953125 0.029282576866764276
7 0.4287109375 0.9736456808199122 0.01953125 0.029282576866764276
7 0.478515625 0.9824304538799414 0.01953125 0.029282576866764276
