1 0.375 0.6611328125 0.015625 0.021484375
1 0.37630208333333337 0.7705078125 0.013020833333333334 0.013671875
8 0.3828125 0.5625 0.052083333333333336 0.0390625
9 0.3854166666666667 0.810546875 0.052083333333333336 0.0390625
2 0.21614583333333331 0.564453125 0.052083333333333336 0.0390625
3 0.20833333333333331 0.822265625 0.052083333333333336 0.0390625
4 0.3619791666666667 0.560546875 0.052083333333333336 0.0390625
5 0.3697916666666667 0.80859375 0.052083333333333336 0.0390625
6 0.265625 0.5625 0.052083333333333336 0.0390625
7 0.265625 0.794921875 0.052083333333333336 0.0390625
