0 0.546484 0.629167 0.038281 0.047222
8 0.224 0.251953125 0.05333333333333334 0.0390625
8 0.784 0.24609375 0.05333333333333334 0.0390625
9 0.23466666666666666 0.904296875 0.05333333333333334 0.0390625
9 0.7786666666666666 0.8984375 0.05333333333333334 0.0390625
4 0.2773333333333333 0.294921875 0.05333333333333334 0.0390625
4 0.7413333333333333 0.294921875 0.05333333333333334 0.0390625
5 0.2906666666666667 0.88671875 0.05333333333333334 0.0390625
5 0.7253333333333334 0.8828125 0.05333333333333334 0.0390625
6 0.488 0.2890625 0.05333333333333334 0.0390625
6 0.5333333333333333 0.291015625 0.05333333333333334 0.0390625
7 0.47733333333333333 0.88671875 0.05333333333333334 0.0390625
7 0.5253333333333333 0.88671875 0.05333333333333334 0.0390625
