8 0.23452768729641693 0.4609375 0.06514657980456026 0.0390625
8 0.4723127035830619 0.478515625 0.06514657980456026 0.0390625
9 0.24429967426710097 0.771484375 0.06514657980456026 0.0390625
9 0.48534201954397393 0.73828125 0.06514657980456026 0.0390625
4 0.25732899022801303 0.474609375 0.06514657980456026 0.0390625
4 0.4462540716612378 0.498046875 0.06514657980456026 0.0390625
5 0.247557003257329 0.763671875 0.06514657980456026 0.0390625
5 0.45276872964169385 0.734375 0.06514657980456026 0.0390625
6 0.34527687296416937 0.484375 0.06514657980456026 0.0390625
6 0.36482084690553745 0.484375 0.06514657980456026 0.0390625
7 0.3420195439739414 0.7421875 0.06514657980456026 0.0390625
7 0.3583061889250814 0.73828125 0.06514657980456026 0.0390625
