0 0.633203 0.621528 0.019531 0.026389
0 0.687500 0.615972 0.017188 0.023611
0 0.682031 0.567361 0.017188 0.020833
0 0.628906 0.568750 0.014062 0.023611
0 0.626172 0.670139 0.011719 0.020833
0 0.682422 0.659028 0.014844 0.029167
0 0.851562 0.565972 0.014062 0.026389
0 0.283203 0.620139 0.022656 0.045833
0 0.310547 0.568750 0.019531 0.034722
0 0.291797 0.720139 0.016406 0.043056
0 0.317578 0.640972 0.013281 0.037500
0 0.287891 0.814583 0.021094 0.043056
0 0.318359 0.713194 0.016406 0.029167
0 0.300391 0.901389 0.021094 0.050000
0 0.327734 0.778472 0.014844 0.031944
0 0.121875 0.966667 0.039062 0.038889
8 0.765625 0.3111979166666667 0.01953125 0.026041666666666668
9 0.75390625 0.69140625 0.01953125 0.026041666666666668
2 0.8857421875 0.2682291666666667 0.01953125 0.026041666666666668
3 0.865234375 0.7526041666666666 0.01953125 0.026041666666666668
4 0.7744140625 0.33203125 0.01953125 0.026041666666666668
5 0.775390625 0.6822916666666666 0.01953125 0.026041666666666668
6 0.869140625 0.3033854166666667 0.01953125 0.026041666666666668
7 0.849609375 0.7291666666666666 0.01953125 0.026041666666666668
8 0.3232421875 0.3333333333333333 0.01953125 0.026041666666666668
9 0.33203125 0.5625 0.01953125 0.026041666666666668
2 0.4462890625 0.3333333333333333 0.01953125 0.026041666666666668
3 0.45703125 0.5963541666666666 0.01953125 0.026041666666666668
4 0.3408203125 0.3580729166666667 0.01953125 0.026041666666666668
5 0.3515625 0.5768229166666666 0.01953125 0.026041666666666668
6 0.3701171875 0.3606770833333333 0.01953125 0.026041666666666668
7 0.3837890625 0.5859375 0.01953125 0.026041666666666668
