0 0.379687 0.600694 0.018750 0.059722
0 0.285156 0.622222 0.017188 0.055556
0 0.249609 0.629861 0.019531 0.065278
0 0.840234 0.518056 0.042969 0.041667
0 0.542188 0.416667 0.109375 0.041667
0 0.616797 0.528472 0.013281 0.045833
0 0.632812 0.262500 0.007812 0.036111
0 0.646094 0.262500 0.012500 0.038889
0 0.722656 0.495833 0.014062 0.052778
0 0.668359 0.508333 0.085156 0.041667
4 0.994140625 0.06734992679355783 0.01953125 0.029282576866764276
5 0.9951171875 0.9897510980966324 0.01953125 0.029282576866764276
6 0.8115234375 0.09370424597364568 0.01953125 0.029282576866764276
7 0.81640625 0.9019033674963397 0.01953125 0.029282576866764276
