0 0.342578 0.271528 0.017969 0.031944
0 0.367188 0.268056 0.023438 0.041667
0 0.648047 0.442361 0.017969 0.037500
0 0.677344 0.446528 0.025000 0.037500
0 0.759766 0.675694 0.025781 0.029167
0 0.747656 0.722917 0.020312 0.029167
0 0.769922 0.720833 0.021094 0.022222
4 0.9427083333333334 0.37109375 0.052083333333333336 0.0390625
5 0.9453125 0.501953125 0.052083333333333336 0.0390625
6 0.984375 0.365234375 0.052083333333333336 0.0390625
7 0.9791666666666666 0.4921875 0.052083333333333336 0.0390625
