0 0.572656 0.656944 0.060938 0.041667
1 0.8691176470588236 0.361328125 0.03235294117647059 0.05078125
1 0.8514705882352941 0.6318359375 0.026470588235294117 0.052734375
1 0.8426470588235294 0.873046875 0.026470588235294117 0.04296875
1 0.25588235294117645 0.3759765625 0.041176470588235294 0.064453125
1 0.2676470588235294 0.63671875 0.03529411764705882 0.05859375
1 0.26323529411764707 0.87109375 0.026470588235294117 0.04296875
8 0.20294117647058824 0.212890625 0.058823529411764705 0.0390625
8 0.8529411764705882 0.22265625 0.058823529411764705 0.0390625
9 0.21764705882352942 0.865234375 0.058823529411764705 0.0390625
9 0.8294117647058824 0.865234375 0.058823529411764705 0.0390625
4 0.23823529411764705 0.240234375 0.058823529411764705 0.0390625
4 0.8058823529411765 0.2578125 0.058823529411764705 0.0390625
5 0.26176470588235295 0.841796875 0.058823529411764705 0.0390625
5 0.7852941176470588 0.857421875 0.058823529411764705 0.0390625
6 0.48823529411764705 0.255859375 0.058823529411764705 0.0390625
6 0.5617647058823529 0.255859375 0.058823529411764705 0.0390625
7 0.4764705882352941 0.84765625 0.058823529411764705 0.0390625
7 0.55 0.859375 0.058823529411764705 0.0390625
