0 0.757422 0.347917 0.197656 0.256944
0 0.152344 0.329861 0.198437 0.256944
8 0.970703125 0.027377521613832854 0.01953125 0.02881844380403458
9 0.9638671875 0.9726224783861671 0.01953125 0.02881844380403458
4 0.9423828125 0.01440922190201729 0.01953125 0.02881844380403458
4 0.0048828125 0.005763688760806916 0.01953125 0.02881844380403458
5 0.00390625 0.984149855907781 0.01953125 0.02881844380403458
5 0.9345703125 0.9812680115273775 0.01953125 0.02881844380403458
6 0.435546875 0.004322766570605188 0.01953125 0.02881844380403458
6 0.4609375 0.007204610951008645 0.01953125 0.02881844380403458
7 0.439453125 0.9870317002881844 0.01953125 0.02881844380403458
7 0.4580078125 0.9870317002881844 0.01953125 0.02881844380403458
