0 0.608984 0.309722 0.102344 0.161111
0 0.697266 0.335417 0.060156 0.093056
0 0.877734 0.590278 0.127344 0.305556
0 0.296484 0.756944 0.378906 0.486111
4 0.01953125 0.013671875 0.0390625 0.0390625
4 0.98046875 0.013671875 0.0390625 0.0390625
5 0.0078125 0.978515625 0.0390625 0.0390625
5 0.978515625 0.98046875 0.0390625 0.0390625
6 0.587890625 0.013671875 0.0390625 0.0390625
6 0.638671875 0.01953125 0.0390625 0.0390625
7 0.55078125 0.974609375 0.0390625 0.0390625
7 0.58984375 0.9765625 0.0390625 0.0390625
