0 0.416016 0.778472 0.038281 0.079167
0 0.532812 0.735417 0.051562 0.093056
8 0.7119140625 0.2534722222222222 0.01953125 0.034722222222222224
9 0.7041015625 0.9791666666666666 0.01953125 0.034722222222222224
2 0.369140625 0.2621527777777778 0.01953125 0.034722222222222224
3 0.359375 0.9809027777777778 0.01953125 0.034722222222222224
4 0.6875 0.2881944444444444 0.01953125 0.034722222222222224
5 0.6787109375 0.9756944444444444 0.01953125 0.034722222222222224
6 0.3896484375 0.2934027777777778 0.01953125 0.034722222222222224
7 0.3916015625 0.9826388888888888 0.01953125 0.034722222222222224
