0 0.655469 0.573611 0.050000 0.086111
0 0.757422 0.578472 0.049219 0.090278
1 0.115234375 0.14322916666666669 0.02734375 0.078125
1 0.1123046875 0.76171875 0.0234375 0.11458333333333333
8 0.0908203125 0.006510416666666667 0.01953125 0.026041666666666668
9 0.0849609375 0.9856770833333334 0.01953125 0.026041666666666668
4 0.1044921875 0.0078125 0.01953125 0.026041666666666668
4 0.9921875 0.006510416666666667 0.01953125 0.026041666666666668
5 0.0966796875 0.984375 0.01953125 0.026041666666666668
5 0.994140625 0.9869791666666666 0.01953125 0.026041666666666668
6 0.70703125 0.009114583333333334 0.01953125 0.026041666666666668
6 0.7255859375 0.009114583333333334 0.01953125 0.026041666666666668
7 0.6943359375 0.9869791666666666 0.01953125 0.026041666666666668
7 0.7119140625 0.9869791666666666 0.01953125 0.026041666666666668
