0 0.894922 0.788194 0.210156 0.087500
0 0.485547 0.409722 0.019531 0.063889
0 0.675391 0.241667 0.016406 0.063889
0 0.874609 0.206250 0.019531 0.065278
0 0.333594 0.169444 0.014062 0.077778
0 0.345703 0.168056 0.013281 0.080556
0 0.170703 0.208333 0.021094 0.080556
0 0.188281 0.204861 0.021875 0.084722
0 0.705859 0.478472 0.055469 0.015278
8 0.419921875 0.13616398243045388 0.01953125 0.029282576866764276
8 0.5263671875 0.1903367496339678 0.01953125 0.029282576866764276
9 0.4267578125 0.47291361639824303 0.01953125 0.029282576866764276
9 0.5302734375 0.4773060029282577 0.01953125 0.029282576866764276
2 0.4873046875 0.17130307467057102 0.01953125 0.029282576866764276
2 0.6298828125 0.1698389458272328 0.01953125 0.029282576866764276
3 0.642578125 0.4363103953147877 0.01953125 0.029282576866764276
3 0.4951171875 0.47144948755490484 0.01953125 0.029282576866764276
4 0.423828125 0.15226939970717424 0.01953125 0.029282576866764276
4 0.5322265625 0.212298682284041 0.01953125 0.029282576866764276
5 0.43359375 0.4670571010248902 0.01953125 0.029282576866764276
5 0.5380859375 0.4743777452415813 0.01953125 0.029282576866764276
6 0.482421875 0.1800878477306003 0.01953125 0.029282576866764276
6 0.6318359375 0.19326500732064422 0.01953125 0.029282576866764276
7 0.630859375 0.4377745241581259 0.01953125 0.029282576866764276
7 0.4853515625 0.47291361639824303 0.01953125 0.029282576866764276
