0 0.347656 0.679861 0.129688 0.190278
8 0.9541015625 0.022106631989596878 0.01953125 0.02600780234070221
9 0.9931640625 0.5487646293888166 0.01953125 0.02600780234070221
4 0.923828125 0.010403120936280884 0.01953125 0.02600780234070221
5 0.9892578125 0.8400520156046815 0.01953125 0.02600780234070221
6 0.4111328125 0.011703511053315995 0.01953125 0.02600780234070221
7 0.4375 0.9739921976592978 0.01953125 0.02600780234070221
4 0.0107421875 0.009102730819245773 0.01953125 0.02600780234070221
5 0.009765625 0.9713914174252276 0.01953125 0.02600780234070221
6 0.353515625 0.007802340702210663 0.01953125 0.02600780234070221
7 0.373046875 0.9856957087126138 0.01953125 0.02600780234070221
