0 0.078516 0.578472 0.027344 0.037500
0 0.226172 0.423611 0.017969 0.055556
0 0.207813 0.346528 0.028125 0.337500
0 0.079297 0.678472 0.021094 0.037500
0 0.091016 0.662500 0.019531 0.038889
0 0.484766 0.329861 0.013281 0.034722
0 0.498828 0.326389 0.014844 0.036111
0 0.582031 0.334028 0.017188 0.043056
0 0.701563 0.336111 0.015625 0.041667
0 0.702344 0.461111 0.017188 0.027778
0 0.753125 0.475694 0.023438 0.034722
8 0.2177734375 0.11328125 0.01953125 0.026041666666666668
9 0.228515625 0.62890625 0.01953125 0.026041666666666668
2 0.373046875 0.12369791666666666 0.01953125 0.026041666666666668
3 0.3759765625 0.6106770833333334 0.01953125 0.026041666666666668
4 0.2392578125 0.13802083333333334 0.01953125 0.026041666666666668
5 0.2431640625 0.6197916666666667 0.01953125 0.026041666666666668
6 0.3642578125 0.14322916666666669 0.01953125 0.026041666666666668
7 0.361328125 0.6171875 0.01953125 0.026041666666666668
