0 0.374609 0.650000 0.039844 0.038889
1 0.14369501466275658 0.34375 0.02346041055718475 0.03125
8 0.10557184750733138 0.265625 0.05865102639296188 0.0390625
9 0.1378299120234604 0.615234375 0.05865102639296188 0.0390625
2 0.18475073313782991 0.259765625 0.05865102639296188 0.0390625
4 0.12903225806451613 0.283203125 0.05865102639296188 0.0390625
4 0.12903225806451613 0.283203125 0.05865102639296188 0.0390625
5 0.16422287390029325 0.60546875 0.05865102639296188 0.0390625
6 0.17302052785923755 0.287109375 0.05865102639296188 0.0390625
7 0.19941348973607037 0.595703125 0.05865102639296188 0.0390625
4 0.41055718475073316 0.17578125 0.05865102639296188 0.0390625
5 0.44281524926686217 0.87109375 0.05865102639296188 0.0390625
6 0.34310850439882695 0.14453125 0.05865102639296188 0.0390625
7 0.3812316715542522 0.931640625 0.05865102639296188 0.0390625
