0 0.387109 0.694444 0.022656 0.069444
0 0.366016 0.622917 0.022656 0.051389
0 0.333594 0.481944 0.015625 0.066667
8 0.7919921875 0.005856515373352855 0.01953125 0.029282576866764276
9 0.794921875 0.33382137628111275 0.01953125 0.029282576866764276
8 0.0595703125 0.004392386530014641 0.01953125 0.029282576866764276
9 0.091796875 0.9838945827232797 0.01953125 0.029282576866764276
4 0.81640625 0.005856515373352855 0.01953125 0.029282576866764276
4 0.0419921875 0.008784773060029283 0.01953125 0.029282576866764276
5 0.818359375 0.3528550512445095 0.01953125 0.029282576866764276
5 0.0625 0.9882869692532943 0.01953125 0.029282576866764276
6 0.0048828125 0.01171303074670571 0.01953125 0.029282576866764276
6 0.9921875 0.01171303074670571 0.01953125 0.029282576866764276
7 0.994140625 0.9912152269399708 0.01953125 0.029282576866764276
7 0.009765625 0.9882869692532943 0.01953125 0.029282576866764276
