0 0.285937 0.511111 0.012500 0.150000
0 0.314453 0.513194 0.011719 0.151389
0 0.603516 0.497917 0.014844 0.134722
0 0.629297 0.508333 0.013281 0.122222
0 0.829297 0.559722 0.036719 0.030556
8 0.7919921875 0.11067708333333333 0.01953125 0.026041666666666668
9 0.7548828125 0.8528645833333334 0.01953125 0.026041666666666668
4 0.8017578125 0.13020833333333334 0.01953125 0.026041666666666668
5 0.7666015625 0.8567708333333334 0.01953125 0.026041666666666668
6 0.8720703125 0.08463541666666666 0.01953125 0.026041666666666668
7 0.8232421875 0.9895833333333334 0.01953125 0.026041666666666668
