0 0.801953 0.154167 0.022656 0.044444
0 0.840625 0.145833 0.018750 0.036111
0 0.795313 0.690972 0.015625 0.037500
0 0.834375 0.692361 0.014062 0.037500
0 0.832422 0.745833 0.016406 0.027778
0 0.790625 0.735417 0.017188 0.031944
0 0.582031 0.644444 0.042188 0.038889
0 0.332422 0.606250 0.035156 0.031944
0 0.397266 0.220139 0.021094 0.029167
0 0.509766 0.203472 0.024219 0.026389
0 0.537109 0.195833 0.025781 0.027778
0 0.265234 0.638889 0.016406 0.022222
0 0.265234 0.689583 0.022656 0.023611
0 0.268359 0.756944 0.019531 0.027778
0 0.173438 0.620833 0.015625 0.025000
0 0.210547 0.585417 0.017969 0.018056
0 0.228125 0.586111 0.014062 0.027778
0 0.201953 0.252778 0.016406 0.022222
0 0.216797 0.250000 0.019531 0.027778
8 0.40625 0.2890625 0.01953125 0.026041666666666668
8 0.6572265625 0.26432291666666663 0.01953125 0.026041666666666668
6 0.3046875 0.2942708333333333 0.01953125 0.026041666666666668
6 0.556640625 0.26432291666666663 0.01953125 0.026041666666666668
7 0.3125 0.84375 0.01953125 0.026041666666666668
7 0.556640625 0.9361979166666667 0.01953125 0.026041666666666668
4 0.421875 0.3125 0.01953125 0.026041666666666668
5 0.423828125 0.7825520833333334 0.01953125 0.026041666666666668
