0 0.574609 0.374306 0.041406 0.018056
0 0.619141 0.438889 0.014844 0.052778
0 0.722266 0.577083 0.022656 0.031944
0 0.526953 0.372222 0.036719 0.019444
0 0.483984 0.429167 0.014844 0.055556
0 0.457422 0.595139 0.033594 0.020833
0 0.653125 0.598611 0.043750 0.016667
0 0.378125 0.371528 0.039062 0.023611
0 0.333203 0.367361 0.038281 0.020833
8 0.79296875 0.2552083333333333 0.01953125 0.026041666666666668
9 0.787109375 0.5091145833333334 0.01953125 0.026041666666666668
2 0.72265625 0.28515625 0.01953125 0.026041666666666668
3 0.7138671875 0.6119791666666666 0.01953125 0.026041666666666668
4 0.779296875 0.28125 0.01953125 0.026041666666666668
5 0.7724609375 0.49609375 0.01953125 0.026041666666666668
6 0.728515625 0.62109375 0.01953125 0.026041666666666668
7 0.734375 0.30078125 0.01953125 0.026041666666666668
1 0.80126953125 0.375 0.0146484375 0.041666666666666664
