0 0.850391 0.477083 0.135156 0.059722
1 0.1657608695652174 0.05384615384615385 0.030797101449275364 0.03076923076923077
1 0.1911231884057971 0.3865384615384615 0.03804347826086957 0.0782051282051282
1 0.2056159420289855 0.6621794871794872 0.02717391304347826 0.07307692307692308
1 0.22644927536231882 0.8980769230769231 0.03260869565217391 0.06282051282051282
8 0.10326086956521739 0.010256410256410256 0.036231884057971016 0.02564102564102564
9 0.1793478260869565 0.9397435897435897 0.036231884057971016 0.02564102564102564
2 0.9746376811594203 0.01282051282051282 0.036231884057971016 0.02564102564102564
3 0.9094202898550725 0.9076923076923077 0.036231884057971016 0.02564102564102564
4 0.14673913043478262 0.00641025641025641 0.036231884057971016 0.02564102564102564
5 0.20652173913043478 0.9371794871794872 0.036231884057971016 0.02564102564102564
6 0.9365942028985508 0.00641025641025641 0.036231884057971016 0.02564102564102564
7 0.8822463768115942 0.9076923076923077 0.036231884057971016 0.02564102564102564
