0 0.808984 0.569444 0.102344 0.061111
1 0.30038759689922484 0.2717864923747277 0.027131782945736434 0.05337690631808279
1 0.3168604651162791 0.5718954248366014 0.029069767441860465 0.0457516339869281
1 0.3294573643410853 0.8507625272331155 0.027131782945736434 0.04139433551198257
8 0.25775193798449614 0.1111111111111111 0.03875968992248062 0.02178649237472767
9 0.2926356589147287 0.883442265795207 0.03875968992248062 0.02178649237472767
2 0.9147286821705426 0.10457516339869281 0.03875968992248062 0.02178649237472767
3 0.8953488372093024 0.8943355119825708 0.03875968992248062 0.02178649237472767
4 0.28488372093023256 0.12854030501089325 0.03875968992248062 0.02178649237472767
5 0.3313953488372093 0.8812636165577342 0.03875968992248062 0.02178649237472767
6 0.8837209302325582 0.12745098039215685 0.03875968992248062 0.02178649237472767
7 0.8585271317829457 0.8910675381263616 0.03875968992248062 0.02178649237472767
