0 0.232031 0.540972 0.062500 0.056944
1 0.9271070615034168 0.26774595267745954 0.03189066059225513 0.0647571606475716
1 0.9134396355353075 0.5921544209215442 0.03189066059225513 0.05603985056039851
1 0.8929384965831435 0.8835616438356164 0.02733485193621868 0.048567870485678705
8 0.9202733485193622 0.0722291407222914 0.04555808656036447 0.024906600249066
9 0.8701594533029613 0.9090909090909091 0.04555808656036447 0.024906600249066
2 0.11617312072892938 0.08717310087173101 0.04555808656036447 0.024906600249066
3 0.17995444191343962 0.9090909090909091 0.04555808656036447 0.024906600249066
4 0.8724373576309795 0.09339975093399751 0.04555808656036447 0.024906600249066
5 0.8291571753986332 0.900373599003736 0.04555808656036447 0.024906600249066
6 0.1662870159453303 0.11581569115815692 0.04555808656036447 0.024906600249066
7 0.22779043280182232 0.9016189290161893 0.04555808656036447 0.024906600249066
