0 0.877734 0.567361 0.042969 0.056944
8 0.14015151515151517 0.10265282583621685 0.03787878787878788 0.02306805074971165
9 0.24242424242424243 0.8938869665513264 0.03787878787878788 0.02306805074971165
2 0.9791666666666666 0.10726643598615918 0.03787878787878788 0.02306805074971165
3 0.9071969696969697 0.9146482122260668 0.03787878787878788 0.02306805074971165
4 0.17424242424242425 0.12341407151095733 0.03787878787878788 0.02306805074971165
5 0.2746212121212121 0.8881199538638985 0.03787878787878788 0.02306805074971165
6 0.9412878787878788 0.12456747404844291 0.03787878787878788 0.02306805074971165
7 0.8863636363636364 0.9111880046136102 0.03787878787878788 0.02306805074971165
1 0.17045454545454547 0.2301038062283737 0.030303030303030304 0.06113033448673587
1 0.21022727272727273 0.5507497116493656 0.041666666666666664 0.04498269896193772
1 0.24431818181818182 0.8229527104959631 0.03409090909090909 0.040369088811995385
