0 0.331641 0.711806 0.047656 0.051389
1 0.568576388888889 0.2962962962962963 0.024305555555555556 0.08564814814814815
1 0.5846354166666667 0.8148148148148148 0.025173611111111112 0.09027777777777778
8 0.5529513888888888 0.028935185185185185 0.017361111111111112 0.023148148148148147
9 0.5842013888888888 0.9780092592592593 0.017361111111111112 0.023148148148148147
2 0.28125 0.1400462962962963 0.017361111111111112 0.023148148148148147
3 0.3203125 0.9884259259259259 0.017361111111111112 0.023148148148148147
4 0.5329861111111112 0.06481481481481481 0.017361111111111112 0.023148148148148147
5 0.5590277777777778 0.9837962962962963 0.017361111111111112 0.023148148148148147
6 0.2960069444444444 0.1712962962962963 0.017361111111111112 0.023148148148148147
7 0.3420138888888889 0.9791666666666666 0.017361111111111112 0.023148148148148147
