0 0.852734 0.553472 0.041406 0.056944
1 0.16863905325443787 0.30394304490690033 0.04142011834319527 0.05366922234392114
1 0.1903353057199211 0.6040525739320921 0.03353057199211045 0.05366922234392114
1 0.21499013806706113 0.8740416210295728 0.03155818540433925 0.05257393209200438
8 0.10453648915187377 0.13910186199342825 0.03944773175542406 0.02190580503833516
9 0.1755424063116371 0.891566265060241 0.03944773175542406 0.02190580503833516
2 0.9349112426035503 0.12267250821467689 0.03944773175542406 0.02190580503833516
3 0.9132149901380671 0.9069003285870756 0.03944773175542406 0.02190580503833516
4 0.14201183431952663 0.1588170865279299 0.03944773175542406 0.02190580503833516
5 0.21104536489151873 0.8893756845564075 0.03944773175542406 0.02190580503833516
6 0.8875739644970414 0.14786418400876233 0.03944773175542406 0.02190580503833516
7 0.873767258382643 0.8992332968236583 0.03944773175542406 0.02190580503833516
