0 0.803125 0.634028 0.129688 0.059722
1 0.18823529411764706 0.1918402777777778 0.058823529411764705 0.07465277777777778
1 0.2147058823529412 0.5729166666666666 0.041176470588235294 0.059027777777777776
1 0.23529411764705882 0.8880208333333334 0.03529411764705882 0.03993055555555555
8 0.15294117647058825 0.050347222222222224 0.058823529411764705 0.034722222222222224
9 0.22941176470588237 0.9722222222222223 0.058823529411764705 0.034722222222222224
2 0.9705882352941176 0.046875 0.058823529411764705 0.034722222222222224
3 0.888235294117647 0.9895833333333334 0.058823529411764705 0.034722222222222224
4 0.19411764705882353 0.07291666666666666 0.058823529411764705 0.034722222222222224
5 0.27058823529411763 0.96875 0.058823529411764705 0.034722222222222224
6 0.9441176470588235 0.06597222222222222 0.058823529411764705 0.034722222222222224
7 0.8529411764705882 0.9895833333333334 0.058823529411764705 0.034722222222222224
