0 0.855859 0.649306 0.033594 0.068056
0 0.325781 0.754167 0.054688 0.050000
0 0.440234 0.713194 0.050781 0.031944
0 0.403125 0.808333 0.020312 0.038889
0 0.380469 0.813889 0.018750 0.033333
0 0.358203 0.375000 0.017969 0.041667
0 0.341406 0.377083 0.015625 0.037500
8 0.990234375 0.04698972099853157 0.01953125 0.02936857562408223
2 0.8359375 0.11160058737151249 0.01953125 0.02936857562408223
3 0.80078125 0.9838472834067548 0.01953125 0.02936857562408223
4 0.9921875 0.08223201174743025 0.01953125 0.02936857562408223
5 0.9892578125 0.9838472834067548 0.01953125 0.02936857562408223
6 0.861328125 0.13509544787077826 0.01953125 0.02936857562408223
7 0.830078125 0.9838472834067548 0.01953125 0.02936857562408223
