0 0.802734 0.565972 0.016406 0.029167
0 0.987891 0.383333 0.021094 0.036111
0 0.888281 0.583333 0.018750 0.033333
0 0.991406 0.632639 0.017188 0.023611
0 0.938281 0.666667 0.015625 0.033333
0 0.918750 0.656944 0.017188 0.030556
1 0.33447265625 0.3382352941176471 0.0068359375 0.020588235294117647
8 0.3271484375 0.2647058823529412 0.01953125 0.029411764705882353
2 0.2734375 0.27794117647058825 0.01953125 0.029411764705882353
4 0.32421875 0.2867647058823529 0.01953125 0.029411764705882353
5 0.328125 0.4294117647058823 0.01953125 0.029411764705882353
6 0.283203125 0.29558823529411765 0.01953125 0.029411764705882353
7 0.296875 0.4338235294117647 0.01953125 0.029411764705882353
