0 0.727734 0.632639 0.025781 0.034722
0 0.642969 0.586111 0.029687 0.036111
0 0.642187 0.659722 0.023438 0.036111
0 0.639453 0.736806 0.027344 0.037500
0 0.639453 0.822917 0.024219 0.040278
0 0.217187 0.506944 0.032812 0.030556
0 0.218750 0.588194 0.023438 0.034722
0 0.221875 0.676389 0.023438 0.025000
0 0.355078 0.503472 0.024219 0.037500
0 0.451562 0.517361 0.032812 0.045833
0 0.723437 0.699306 0.028125 0.037500
0 0.665625 0.240972 0.020312 0.062500
8 0.3701171875 0.14713541666666666 0.01953125 0.026041666666666668
9 0.369140625 0.3606770833333333 0.01953125 0.026041666666666668
2 0.4091796875 0.13541666666666666 0.01953125 0.026041666666666668
3 0.4111328125 0.3645833333333333 0.01953125 0.026041666666666668
4 0.380859375 0.16796875 0.01953125 0.026041666666666668
5 0.3857421875 0.3645833333333333 0.01953125 0.026041666666666668
6 0.4033203125 0.15755208333333334 0.01953125 0.026041666666666668
7 0.3984375 0.359375 0.01953125 0.026041666666666668
