0 0.925391 0.475694 0.016406 0.076389
8 0.3463541666666667 0.16015625 0.052083333333333336 0.0390625
8 0.8828125 0.2109375 0.052083333333333336 0.0390625
9 0.34375 0.962890625 0.052083333333333336 0.0390625
9 0.8697916666666666 0.88671875 0.052083333333333336 0.0390625
4 0.3828125 0.1875 0.052083333333333336 0.0390625
4 0.84375 0.220703125 0.052083333333333336 0.0390625
5 0.390625 0.94921875 0.052083333333333336 0.0390625
5 0.8385416666666666 0.888671875 0.052083333333333336 0.0390625
6 0.6171875 0.19921875 0.052083333333333336 0.0390625
6 0.65625 0.19921875 0.052083333333333336 0.0390625
7 0.5911458333333334 0.927734375 0.052083333333333336 0.0390625
7 0.6432291666666666 0.916015625 0.052083333333333336 0.0390625
