0 0.884766 0.564583 0.014844 0.137500
0 0.873047 0.564583 0.011719 0.134722
0 0.135937 0.454167 0.014062 0.041667
0 0.146094 0.449306 0.010937 0.043056
0 0.333984 0.700000 0.013281 0.041667
0 0.436719 0.312500 0.009375 0.036111
8 0.8203125 0.29112271540469975 0.01953125 0.02610966057441253
9 0.8173828125 0.6631853785900783 0.01953125 0.02610966057441253
2 0.7236328125 0.2898172323759791 0.01953125 0.02610966057441253
4 0.8095703125 0.3198433420365535 0.01953125 0.02610966057441253
5 0.8037109375 0.6475195822454308 0.01953125 0.02610966057441253
6 0.7255859375 0.31592689295039167 0.01953125 0.02610966057441253
7 0.716796875 0.6462140992167101 0.01953125 0.02610966057441253
