8 0.3466796875 0.1484375 0.01953125 0.026041666666666668
9 0.349609375 0.8684895833333334 0.01953125 0.026041666666666668
2 0.546875 0.10807291666666666 0.01953125 0.026041666666666668
3 0.5517578125 0.8645833333333334 0.01953125 0.026041666666666668
4 0.3671875 0.140625 0.01953125 0.026041666666666668
5 0.3671875 0.84765625 0.01953125 0.026041666666666668
6 0.5263671875 0.11848958333333333 0.01953125 0.026041666666666668
7 0.5244140625 0.85546875 0.01953125 0.026041666666666668
1 0.3564453125 0.2623697916666667 0.015625 0.048177083333333336
1 0.357421875 0.7018229166666666 0.013671875 0.036458333333333336
