8 0.2578125 0.283203125 0.0390625 0.0390625
8 0.73046875 0.29296875 0.0390625 0.0390625
9 0.220703125 0.947265625 0.0390625 0.0390625
9 0.755859375 0.943359375 0.0390625 0.0390625
4 0.28125 0.306640625 0.0390625 0.0390625
4 0.69921875 0.3046875 0.0390625 0.0390625
5 0.25 0.931640625 0.0390625 0.0390625
5 0.71875 0.935546875 0.0390625 0.0390625
6 0.46484375 0.322265625 0.0390625 0.0390625
6 0.5078125 0.3203125 0.0390625 0.0390625
7 0.4609375 0.935546875 0.0390625 0.0390625
7 0.49609375 0.935546875 0.0390625 0.0390625
