0 0.702734 0.497222 0.053906 0.027778
0 0.243750 0.519444 0.023438 0.066667
8 0.845703125 0.3072916666666667 0.01953125 0.026041666666666668
8 0.5771484375 0.3111979166666667 0.01953125 0.026041666666666668
8 0.3857421875 0.3268229166666667 0.01953125 0.026041666666666668
8 0.1201171875 0.3294270833333333 0.01953125 0.026041666666666668
9 0.123046875 0.6901041666666666 0.01953125 0.026041666666666668
9 0.3935546875 0.6770833333333334 0.01953125 0.026041666666666668
9 0.576171875 0.6731770833333334 0.01953125 0.026041666666666668
9 0.8525390625 0.6653645833333334 0.01953125 0.026041666666666668
4 0.1357421875 0.3567708333333333 0.01953125 0.026041666666666668
4 0.3623046875 0.34375 0.01953125 0.026041666666666668
4 0.5888671875 0.3385416666666667 0.01953125 0.026041666666666668
4 0.8310546875 0.3294270833333333 0.01953125 0.026041666666666668
5 0.1435546875 0.66796875 0.01953125 0.026041666666666668
5 0.3779296875 0.6588541666666666 0.01953125 0.026041666666666668
5 0.5986328125 0.6536458333333334 0.01953125 0.026041666666666668
5 0.826171875 0.65234375 0.01953125 0.026041666666666668
6 0.236328125 0.3489583333333333 0.01953125 0.026041666666666668
6 0.26171875 0.34765625 0.01953125 0.026041666666666668
6 0.69921875 0.3333333333333333 0.01953125 0.026041666666666668
6 0.7236328125 0.3333333333333333 0.01953125 0.026041666666666668
7 0.2392578125 0.6744791666666666 0.01953125 0.026041666666666668
7 0.265625 0.6744791666666666 0.01953125 0.026041666666666668
7 0.703125 0.6666666666666666 0.01953125 0.026041666666666668
7 0.7255859375 0.6666666666666666 0.01953125 0.026041666666666668
