0 0.454297 0.608333 0.027344 0.044444
8 0.23851417399804495 0.20833333333333334 0.019550342130987292 0.026041666666666668
8 0.6344086021505376 0.20052083333333334 0.019550342130987292 0.026041666666666668
9 0.23753665689149558 0.8815104166666667 0.019550342130987292 0.026041666666666668
9 0.6344086021505376 0.875 0.019550342130987292 0.026041666666666668
4 0.2619745845552297 0.24479166666666669 0.019550342130987292 0.026041666666666668
4 0.6129032258064516 0.23567708333333334 0.019550342130987292 0.026041666666666668
5 0.26392961876832843 0.8697916666666667 0.019550342130987292 0.026041666666666668
5 0.6109481915933529 0.86328125 0.019550342130987292 0.026041666666666668
6 0.43010752688172044 0.23828125 0.019550342130987292 0.026041666666666668
6 0.4447702834799609 0.23828125 0.019550342130987292 0.026041666666666668
7 0.44086021505376344 0.875 0.019550342130987292 0.026041666666666668
7 0.4525904203323558 0.875 0.019550342130987292 0.026041666666666668
