0 0.487891 0.482639 0.019531 0.087500
0 0.508203 0.487500 0.017969 0.083333
8 0.6171875 0.24279835390946503 0.01953125 0.027434842249657063
8 0.3759765625 0.24554183813443073 0.01953125 0.027434842249657063
9 0.375 0.7023319615912209 0.01953125 0.027434842249657063
9 0.6181640625 0.7078189300411523 0.01953125 0.027434842249657063
4 0.384765625 0.2578875171467764 0.01953125 0.027434842249657063
4 0.6103515625 0.25651577503429357 0.01953125 0.027434842249657063
5 0.3857421875 0.7023319615912209 0.01953125 0.027434842249657063
5 0.6064453125 0.700960219478738 0.01953125 0.027434842249657063
6 0.4921875 0.25102880658436216 0.01953125 0.027434842249657063
6 0.5009765625 0.25102880658436216 0.01953125 0.027434842249657063
7 0.490234375 0.6995884773662552 0.01953125 0.027434842249657063
7 0.5009765625 0.6968449931412894 0.01953125 0.027434842249657063
