0 0.841406 0.297917 0.071875 0.104167
1 0.0390625 0.107421875 0.052083333333333336 0.046875
1 0.11588541666666667 0.541015625 0.0390625 0.03125
8 0.0234375 0.009765625 0.052083333333333336 0.0390625
9 0.13541666666666666 0.63671875 0.052083333333333336 0.0390625
4 0.013020833333333334 0.052734375 0.052083333333333336 0.0390625
5 0.1171875 0.642578125 0.052083333333333336 0.0390625
7 0.010416666666666668 0.6640625 0.052083333333333336 0.0390625
2 0.9401041666666666 0.013671875 0.052083333333333336 0.0390625
3 0.7213541666666666 0.783203125 0.052083333333333336 0.0390625
6 0.9583333333333333 0.02734375 0.052083333333333336 0.0390625
7 0.7161458333333333 0.859375 0.052083333333333336 0.0390625
1 0.76171875 0.0556640625 0.0234375 0.048828125
1 0.7096354166666666 0.3662109375 0.0234375 0.044921875
