0 0.385156 0.639583 0.018750 0.048611
0 0.403906 0.640972 0.023438 0.045833
8 0.4814453125 0.4518229166666667 0.01953125 0.026041666666666668
8 0.271484375 0.4479166666666667 0.01953125 0.026041666666666668
9 0.2744140625 0.8372395833333334 0.01953125 0.026041666666666668
9 0.5234375 0.8151041666666666 0.01953125 0.026041666666666668
4 0.2763671875 0.453125 0.01953125 0.026041666666666668
4 0.48046875 0.4583333333333333 0.01953125 0.026041666666666668
5 0.517578125 0.8098958333333334 0.01953125 0.026041666666666668
5 0.2822265625 0.83203125 0.01953125 0.026041666666666668
6 0.3837890625 0.4583333333333333 0.01953125 0.026041666666666668
6 0.39453125 0.4544270833333333 0.01953125 0.026041666666666668
7 0.390625 0.8268229166666666 0.01953125 0.026041666666666668
7 0.4052734375 0.8229166666666666 0.01953125 0.026041666666666668
