0 0.354688 0.559722 0.039062 0.025000
0 0.856641 0.513194 0.038281 0.034722
4 0.470703125 0.2986822840409956 0.01953125 0.029282576866764276
4 0.7529296875 0.31478770131771594 0.01953125 0.029282576866764276
5 0.4794921875 0.7701317715959004 0.01953125 0.029282576866764276
5 0.755859375 0.6998535871156661 0.01953125 0.029282576866764276
6 0.8662109375 0.3162518301610542 0.01953125 0.029282576866764276
6 0.3408203125 0.29428989751098095 0.01953125 0.029282576866764276
7 0.349609375 0.808199121522694 0.01953125 0.029282576866764276
7 0.8681640625 0.698389458272328 0.01953125 0.029282576866764276
