0 0.918359 0.980556 0.033594 0.038889
1 0.32568359375 0.6419249592169658 0.0244140625 0.01794453507340946
8 0.3310546875 0.6476345840130505 0.01953125 0.03262642740619902
9 0.318359375 0.9902120717781402 0.01953125 0.03262642740619902
2 0.2578125 0.6313213703099511 0.01953125 0.03262642740619902
3 0.236328125 0.9787928221859706 0.01953125 0.03262642740619902
4 0.32421875 0.6769983686786296 0.01953125 0.03262642740619902
5 0.310546875 0.9934747145187601 0.01953125 0.03262642740619902
6 0.2646484375 0.6623164763458401 0.01953125 0.03262642740619902
7 0.2490234375 0.9853181076672104 0.01953125 0.03262642740619902
8 0.990234375 0.6101141924959217 0.01953125 0.03262642740619902
2 0.82421875 0.6345840130505709 0.01953125 0.03262642740619902
3 0.8310546875 0.9820554649265905 0.01953125 0.03262642740619902
4 0.990234375 0.6508972267536705 0.01953125 0.03262642740619902
5 0.9921875 0.9836867862969004 0.01953125 0.03262642740619902
6 0.849609375 0.6606851549755302 0.01953125 0.03262642740619902
7 0.8505859375 0.9853181076672104 0.01953125 0.03262642740619902
