8 0.3357664233576642 0.630859375 0.04866180048661801 0.0390625
8 0.49391727493917276 0.62890625 0.04866180048661801 0.0390625
8 0.6618004866180048 0.625 0.04866180048661801 0.0390625
9 0.3260340632603406 0.796875 0.04866180048661801 0.0390625
9 0.49878345498783455 0.794921875 0.04866180048661801 0.0390625
9 0.6642335766423357 0.798828125 0.04866180048661801 0.0390625
4 0.36496350364963503 0.65625 0.04866180048661801 0.0390625
4 0.46472019464720193 0.65625 0.04866180048661801 0.0390625
4 0.5279805352798054 0.662109375 0.04866180048661801 0.0390625
4 0.6374695863746959 0.662109375 0.04866180048661801 0.0390625
5 0.36496350364963503 0.794921875 0.04866180048661801 0.0390625
5 0.46715328467153283 0.794921875 0.04866180048661801 0.0390625
5 0.5279805352798054 0.7890625 0.04866180048661801 0.0390625
5 0.6326034063260341 0.787109375 0.04866180048661801 0.0390625
6 0.41362530413625304 0.65234375 0.04866180048661801 0.0390625
6 0.4306569343065693 0.654296875 0.04866180048661801 0.0390625
6 0.5693430656934306 0.658203125 0.04866180048661801 0.0390625
6 0.5863746958637469 0.658203125 0.04866180048661801 0.0390625
7 0.40875912408759124 0.79296875 0.04866180048661801 0.0390625
7 0.4209245742092457 0.79296875 0.04866180048661801 0.0390625
7 0.5644768856447688 0.798828125 0.04866180048661801 0.0390625
7 0.5888077858880778 0.791015625 0.04866180048661801 0.0390625
