8 0.923828125 0.6575520833333334 0.01953125 0.026041666666666668
9 0.93359375 0.8984375 0.01953125 0.026041666666666668
4 0.939453125 0.6536458333333334 0.01953125 0.026041666666666668
5 0.939453125 0.8854166666666666 0.01953125 0.026041666666666668
6 0.9931640625 0.6510416666666666 0.01953125 0.026041666666666668
7 0.9951171875 0.8776041666666666 0.01953125 0.026041666666666668
8 0.3037109375 0.6614583333333334 0.01953125 0.026041666666666668
9 0.3017578125 0.8932291666666666 0.01953125 0.026041666666666668
3 0.3720703125 0.6510416666666666 0.01953125 0.026041666666666668
4 0.3095703125 0.66796875 0.01953125 0.026041666666666668
5 0.3095703125 0.8854166666666666 0.01953125 0.026041666666666668
6 0.37109375 0.6614583333333334 0.01953125 0.026041666666666668
7 0.37109375 0.8880208333333334 0.01953125 0.026041666666666668
