8 0.318359375 0.46551724137931033 0.01953125 0.028735632183908046
8 0.451171875 0.47270114942528735 0.01953125 0.028735632183908046
8 0.8935546875 0.5028735632183908 0.01953125 0.028735632183908046
9 0.9013671875 0.7198275862068966 0.01953125 0.028735632183908046
9 0.322265625 0.8347701149425287 0.01953125 0.028735632183908046
4 0.3271484375 0.48419540229885055 0.01953125 0.028735632183908046
4 0.447265625 0.4942528735632184 0.01953125 0.028735632183908046
4 0.8837890625 0.5186781609195402 0.01953125 0.028735632183908046
5 0.890625 0.7097701149425287 0.01953125 0.028735632183908046
5 0.4521484375 0.7887931034482759 0.01953125 0.028735632183908046
5 0.3388671875 0.8089080459770115 0.01953125 0.028735632183908046
6 0.3759765625 0.48419540229885055 0.01953125 0.028735632183908046
6 0.3974609375 0.4885057471264368 0.01953125 0.028735632183908046
6 0.84375 0.5114942528735632 0.01953125 0.028735632183908046
7 0.857421875 0.7227011494252874 0.01953125 0.028735632183908046
7 0.3779296875 0.8031609195402298 0.01953125 0.028735632183908046
7 0.4072265625 0.7945402298850575 0.01953125 0.028735632183908046
