8 0.3804034582132565 0.82421875 0.05763688760806916 0.0390625
8 0.723342939481268 0.814453125 0.05763688760806916 0.0390625
9 0.3659942363112392 0.990234375 0.05763688760806916 0.0390625
9 0.7406340057636888 0.984375 0.05763688760806916 0.0390625
4 0.414985590778098 0.845703125 0.05763688760806916 0.0390625
4 0.6801152737752162 0.83984375 0.05763688760806916 0.0390625
5 0.41786743515850144 0.97265625 0.05763688760806916 0.0390625
5 0.7060518731988472 0.974609375 0.05763688760806916 0.0390625
6 0.5273775216138329 0.841796875 0.05763688760806916 0.0390625
6 0.5677233429394812 0.841796875 0.05763688760806916 0.0390625
7 0.5244956772334294 0.982421875 0.05763688760806916 0.0390625
7 0.5734870317002881 0.98046875 0.05763688760806916 0.0390625
