8 0.3291015625 0.44921875 0.01953125 0.026041666666666668
8 0.5986328125 0.4921875 0.01953125 0.026041666666666668
9 0.3154296875 0.9869791666666666 0.01953125 0.026041666666666668
9 0.591796875 0.984375 0.01953125 0.026041666666666668
4 0.328125 0.4791666666666667 0.01953125 0.026041666666666668
4 0.5576171875 0.5234375 0.01953125 0.026041666666666668
5 0.3193359375 0.9791666666666666 0.01953125 0.026041666666666668
5 0.544921875 0.984375 0.01953125 0.026041666666666668
6 0.359375 0.4830729166666667 0.01953125 0.026041666666666668
6 0.4091796875 0.4947916666666667 0.01953125 0.026041666666666668
7 0.345703125 0.9778645833333334 0.01953125 0.026041666666666668
7 0.392578125 0.9778645833333334 0.01953125 0.026041666666666668
