1 0.3837890625 0.26288659793814434 0.013671875 0.060382916053019146
1 0.36572265625 0.7223858615611193 0.0205078125 0.06921944035346098
8 0.3623046875 0.101620029455081 0.01953125 0.029455081001472753
9 0.32421875 0.9808541973490427 0.01953125 0.029455081001472753
2 0.73046875 0.0662739322533137 0.01953125 0.029455081001472753
3 0.703125 0.9896907216494845 0.01953125 0.029455081001472753
4 0.404296875 0.14138438880706922 0.01953125 0.029455081001472753
5 0.3701171875 0.9837997054491899 0.01953125 0.029455081001472753
6 0.4814453125 0.2341678939617084 0.01953125 0.029455081001472753
7 0.4521484375 0.9911634756995581 0.01953125 0.029455081001472753
