8 0.7646484375 0.4986979166666667 0.01953125 0.026041666666666668
9 0.75390625 0.8802083333333334 0.01953125 0.026041666666666668
2 0.6181640625 0.4947916666666667 0.01953125 0.026041666666666668
3 0.6064453125 0.8528645833333334 0.01953125 0.026041666666666668
4 0.7548828125 0.5208333333333334 0.01953125 0.026041666666666668
5 0.740234375 0.84765625 0.01953125 0.026041666666666668
6 0.630859375 0.5104166666666666 0.01953125 0.026041666666666668
7 0.6201171875 0.8385416666666666 0.01953125 0.026041666666666668
8 0.9912109375 0.5078125 0.01953125 0.026041666666666668
2 0.89453125 0.5065104166666666 0.01953125 0.026041666666666668
3 0.8857421875 0.8828125 0.01953125 0.026041666666666668
4 0.9892578125 0.53125 0.01953125 0.026041666666666668
5 0.9892578125 0.8828125 0.01953125 0.026041666666666668
6 0.904296875 0.5364583333333334 0.01953125 0.026041666666666668
7 0.8994140625 0.87109375 0.01953125 0.026041666666666668
8 0.244140625 0.4830729166666667 0.01953125 0.026041666666666668
9 0.2265625 0.7942708333333334 0.01953125 0.026041666666666668
2 0.2021484375 0.4817708333333333 0.01953125 0.026041666666666668
3 0.181640625 0.78515625 0.01953125 0.026041666666666668
4 0.2392578125 0.5078125 0.01953125 0.026041666666666668
5 0.2236328125 0.7721354166666666 0.01953125 0.026041666666666668
6 0.2041015625 0.5065104166666666 0.01953125 0.026041666666666668
7 0.1865234375 0.765625 0.01953125 0.026041666666666668
