9 0.025390625 0.4583333333333333 0.01953125 0.026041666666666668
8 0.00390625 0.3763020833333333 0.01953125 0.026041666666666668
8 0.4716796875 0.009114583333333334 0.01953125 0.026041666666666668
9 0.47265625 0.203125 0.01953125 0.026041666666666668
2 0.1796875 0.0078125 0.01953125 0.026041666666666668
2 0.6728515625 0.01171875 0.01953125 0.026041666666666668
3 0.2275390625 0.3111979166666667 0.01953125 0.026041666666666668
3 0.6552734375 0.2682291666666667 0.01953125 0.026041666666666668
4 0.4892578125 0.009114583333333334 0.01953125 0.026041666666666668
4 0.0087890625 0.3333333333333333 0.01953125 0.026041666666666668
5 0.037109375 0.4401041666666667 0.01953125 0.026041666666666668
5 0.4892578125 0.21614583333333334 0.01953125 0.026041666666666668
6 0.1572265625 0.010416666666666666 0.01953125 0.026041666666666668
6 0.6533203125 0.013020833333333334 0.01953125 0.026041666666666668
7 0.2060546875 0.3177083333333333 0.01953125 0.026041666666666668
7 0.634765625 0.2526041666666667 0.01953125 0.026041666666666668
