8 0.501953125 0.23572474377745242 0.01953125 0.029282576866764276
8 0.2958984375 0.17715959004392387 0.01953125 0.029282576866764276
9 0.306640625 0.9882869692532943 0.01953125 0.029282576866764276
9 0.517578125 0.8975109809663251 0.01953125 0.029282576866764276
4 0.3134765625 0.18887262079062958 0.01953125 0.029282576866764276
4 0.447265625 0.24011713030746706 0.01953125 0.029282576866764276
5 0.3212890625 0.9853587115666179 0.01953125 0.029282576866764276
5 0.466796875 0.9062957540263543 0.01953125 0.029282576866764276
6 0.373046875 0.20644216691068815 0.01953125 0.029282576866764276
6 0.38671875 0.20644216691068815 0.01953125 0.029282576866764276
7 0.380859375 0.9663250366032211 0.01953125 0.029282576866764276
7 0.3994140625 0.9560761346998536 0.01953125 0.029282576866764276
