8 0.279296875 0.6442166910688141 0.01953125 0.029282576866764276
8 0.7578125 0.6530014641288433 0.01953125 0.029282576866764276
9 0.2353515625 0.9824304538799414 0.01953125 0.029282576866764276
9 0.79296875 0.9838945827232797 0.01953125 0.029282576866764276
4 0.306640625 0.6866764275256223 0.01953125 0.029282576866764276
4 0.7412109375 0.6939970717423133 0.01953125 0.029282576866764276
5 0.2705078125 0.9838945827232797 0.01953125 0.029282576866764276
5 0.765625 0.9780380673499268 0.01953125 0.029282576866764276
6 0.4970703125 0.698389458272328 0.01953125 0.029282576866764276
6 0.5283203125 0.6954612005856515 0.01953125 0.029282576866764276
7 0.4931640625 0.9751098096632503 0.01953125 0.029282576866764276
7 0.5302734375 0.9707174231332357 0.01953125 0.029282576866764276
