8 0.24099722991689748 0.654296875 0.055401662049861494 0.0390625
8 0.3850415512465374 0.654296875 0.055401662049861494 0.0390625
8 0.5761772853185595 0.6484375 0.055401662049861494 0.0390625
8 0.7146814404432132 0.650390625 0.055401662049861494 0.0390625
9 0.23545706371191133 0.822265625 0.055401662049861494 0.0390625
9 0.3850415512465374 0.826171875 0.055401662049861494 0.0390625
9 0.5844875346260388 0.810546875 0.055401662049861494 0.0390625
9 0.7368421052631579 0.806640625 0.055401662049861494 0.0390625
1 0.23961218836565096 0.671875 0.024930747922437674 0.01953125
1 0.23822714681440443 0.7373046875 0.0221606648199446 0.017578125
1 0.23545706371191136 0.7998046875 0.01662049861495845 0.009765625
1 0.3808864265927978 0.6708984375 0.019390581717451522 0.017578125
1 0.38227146814404434 0.7294921875 0.0221606648199446 0.021484375
1 0.3822714681440443 0.8056640625 0.01662049861495845 0.013671875
1 0.5803324099722992 0.6650390625 0.019390581717451522 0.021484375
1 0.5831024930747922 0.7265625 0.019390581717451522 0.01953125
1 0.5914127423822715 0.798828125 0.019390581717451522 0.01953125
1 0.7146814404432134 0.6650390625 0.01662049861495845 0.013671875
1 0.7229916897506925 0.728515625 0.0110803324099723 0.015625
1 0.7326869806094183 0.79296875 0.013850415512465374 0.01171875
4 0.24376731301939059 0.654296875 0.055401662049861494 0.0390625
4 0.3878116343490305 0.666015625 0.055401662049861494 0.0390625
4 0.5789473684210525 0.650390625 0.055401662049861494 0.0390625
4 0.7174515235457063 0.654296875 0.055401662049861494 0.0390625
5 0.23822714681440443 0.82421875 0.055401662049861494 0.0390625
5 0.3878116343490305 0.828125 0.055401662049861494 0.0390625
5 0.5844875346260388 0.810546875 0.055401662049861494 0.0390625
5 0.7396121883656509 0.810546875 0.055401662049861494 0.0390625
6 0.31578947368421056 0.646484375 0.055401662049861494 0.0390625
6 0.3102493074792244 0.646484375 0.055401662049861494 0.0390625
6 0.6481994459833794 0.642578125 0.055401662049861494 0.0390625
6 0.6481994459833794 0.642578125 0.055401662049861494 0.0390625
7 0.3102493074792244 0.826171875 0.055401662049861494 0.0390625
7 0.3102493074792244 0.826171875 0.055401662049861494 0.0390625
7 0.6592797783933517 0.814453125 0.055401662049861494 0.0390625
7 0.6592797783933517 0.8125 0.055401662049861494 0.0390625
