0 0.749609 0.540278 0.027344 0.038889
1 0.9052734375 0.283203125 0.01171875 0.032552083333333336
1 0.90869140625 0.5690104166666666 0.0146484375 0.036458333333333336
1 0.90478515625 0.8346354166666666 0.0126953125 0.03125
1 0.6611328125 0.2864583333333333 0.009765625 0.03125
1 0.6572265625 0.5631510416666666 0.009765625 0.032552083333333336
1 0.66064453125 0.8333333333333334 0.0107421875 0.03125
8 0.896484375 0.17708333333333334 0.01953125 0.026041666666666668
9 0.8974609375 0.8489583333333334 0.01953125 0.026041666666666668
2 0.728515625 0.17838541666666666 0.01953125 0.026041666666666668
3 0.724609375 0.8489583333333334 0.01953125 0.026041666666666668
4 0.8876953125 0.19140625 0.01953125 0.026041666666666668
5 0.8837890625 0.8515625 0.01953125 0.026041666666666668
6 0.7392578125 0.19270833333333334 0.01953125 0.026041666666666668
7 0.7373046875 0.8515625 0.01953125 0.026041666666666668
