8 0.40625 0.22526041666666669 0.026041666666666668 0.026041666666666668
8 0.5846354166666667 0.22526041666666669 0.026041666666666668 0.026041666666666668
9 0.40494791666666663 0.4895833333333333 0.026041666666666668 0.026041666666666668
9 0.58203125 0.5026041666666666 0.026041666666666668 0.026041666666666668
4 0.4075520833333333 0.22395833333333334 0.026041666666666668 0.026041666666666668
4 0.5859375 0.22526041666666669 0.026041666666666668 0.026041666666666668
5 0.4075520833333333 0.49088541666666663 0.026041666666666668 0.026041666666666668
5 0.5846354166666667 0.5026041666666666 0.026041666666666668 0.026041666666666668
6 0.48697916666666663 0.23046875 0.026041666666666668 0.026041666666666668
6 0.5013020833333334 0.22916666666666669 0.026041666666666668 0.026041666666666668
7 0.4895833333333333 0.49479166666666663 0.026041666666666668 0.026041666666666668
7 0.5013020833333334 0.49479166666666663 0.026041666666666668 0.026041666666666668
