8 0.6728515625 0.76171875 0.01953125 0.026041666666666668
8 0.404296875 0.7604166666666666 0.01953125 0.026041666666666668
4 0.4091796875 0.7734375 0.01953125 0.026041666666666668
4 0.66015625 0.7786458333333334 0.01953125 0.026041666666666668
5 0.6650390625 0.9921875 0.01953125 0.026041666666666668
5 0.4013671875 0.9869791666666666 0.01953125 0.026041666666666668
6 0.5224609375 0.7786458333333334 0.01953125 0.026041666666666668
6 0.54296875 0.7734375 0.01953125 0.026041666666666668
7 0.5224609375 0.9895833333333334 0.01953125 0.026041666666666668
7 0.541015625 0.9895833333333334 0.01953125 0.026041666666666668
