8 0.138671875 0.2862903225806452 0.01953125 0.026881720430107527
8 0.4755859375 0.2567204301075269 0.01953125 0.026881720430107527
9 0.1552734375 0.9879032258064516 0.01953125 0.026881720430107527
9 0.4765625 0.9771505376344086 0.01953125 0.026881720430107527
4 0.1748046875 0.3521505376344086 0.01953125 0.026881720430107527
4 0.4619140625 0.3293010752688172 0.01953125 0.026881720430107527
5 0.1728515625 0.9704301075268817 0.01953125 0.026881720430107527
5 0.4541015625 0.9744623655913979 0.01953125 0.026881720430107527
6 0.2978515625 0.3400537634408602 0.01953125 0.026881720430107527
6 0.322265625 0.33736559139784944 0.01953125 0.026881720430107527
7 0.2998046875 0.978494623655914 0.01953125 0.026881720430107527
7 0.3251953125 0.978494623655914 0.01953125 0.026881720430107527
