8 0.4794921875 0.7033773861967695 0.01953125 0.02936857562408223
8 0.603515625 0.7004405286343612 0.01953125 0.02936857562408223
9 0.48046875 0.9456681350954479 0.01953125 0.02936857562408223
9 0.6025390625 0.9368575624082232 0.01953125 0.02936857562408223
4 0.4990234375 0.7224669603524229 0.01953125 0.02936857562408223
4 0.5732421875 0.7224669603524229 0.01953125 0.02936857562408223
5 0.4970703125 0.9353891336270191 0.01953125 0.02936857562408223
5 0.576171875 0.933920704845815 0.01953125 0.02936857562408223
6 0.52734375 0.7165932452276065 0.01953125 0.02936857562408223
6 0.5439453125 0.7136563876651982 0.01953125 0.02936857562408223
7 0.5283203125 0.9324522760646109 0.01953125 0.02936857562408223
7 0.546875 0.9309838472834068 0.01953125 0.02936857562408223
