0 0.381641 0.656250 0.030469 0.051389
8 0.6650390625 0.3255208333333333 0.01953125 0.026041666666666668
9 0.6044921875 0.8802083333333334 0.01953125 0.026041666666666668
2 0.3193359375 0.30859375 0.01953125 0.026041666666666668
3 0.37890625 0.8671875 0.01953125 0.026041666666666668
4 0.6376953125 0.3541666666666667 0.01953125 0.026041666666666668
5 0.58984375 0.8763020833333334 0.01953125 0.026041666666666668
6 0.3505859375 0.3541666666666667 0.01953125 0.026041666666666668
7 0.3984375 0.8580729166666666 0.01953125 0.026041666666666668
9 0.9111328125 0.89453125 0.01953125 0.026041666666666668
5 0.8857421875 0.8815104166666666 0.01953125 0.026041666666666668
6 0.73046875 0.8880208333333334 0.01953125 0.026041666666666668
