0 0.949219 0.547222 0.018750 0.044444
0 0.978906 0.562500 0.026563 0.038889
1 0.88134765625 0.20626822157434402 0.0029296875 0.030612244897959183
1 0.8720703125 0.27405247813411077 0.00390625 0.03498542274052478
1 0.82763671875 0.5349854227405247 0.0068359375 0.03206997084548105
8 0.880859375 0.11807580174927114 0.01953125 0.029154518950437316
9 0.8056640625 0.543731778425656 0.01953125 0.029154518950437316
2 0.9970703125 0.2478134110787172 0.01953125 0.029154518950437316
3 0.919921875 0.6020408163265306 0.01953125 0.029154518950437316
4 0.8935546875 0.141399416909621 0.01953125 0.029154518950437316
5 0.8193359375 0.5379008746355685 0.01953125 0.029154518950437316
6 0.994140625 0.1588921282798834 0.01953125 0.029154518950437316
7 0.9111328125 0.5787172011661808 0.01953125 0.029154518950437316
2 0.853515625 0.10058309037900874 0.01953125 0.029154518950437316
3 0.751953125 0.6749271137026239 0.01953125 0.029154518950437316
8 0.9912109375 0.12682215743440234 0.01953125 0.029154518950437316
6 0.9970703125 0.42565597667638483 0.01953125 0.029154518950437316
7 0.88671875 0.8848396501457726 0.01953125 0.029154518950437316
