0 0.383594 0.713194 0.018750 0.051389
8 0.16666666666666666 0.48046875 0.052083333333333336 0.0390625
8 0.5442708333333334 0.482421875 0.052083333333333336 0.0390625
9 0.1640625 0.865234375 0.052083333333333336 0.0390625
9 0.546875 0.85546875 0.052083333333333336 0.0390625
4 0.1796875 0.5 0.052083333333333336 0.0390625
4 0.5364583333333334 0.498046875 0.052083333333333336 0.0390625
5 0.18229166666666666 0.849609375 0.052083333333333336 0.0390625
5 0.5338541666666666 0.849609375 0.052083333333333336 0.0390625
6 0.3359375 0.509765625 0.052083333333333336 0.0390625
6 0.3776041666666667 0.509765625 0.052083333333333336 0.0390625
7 0.328125 0.86328125 0.052083333333333336 0.0390625
7 0.3671875 0.865234375 0.052083333333333336 0.0390625
