8 0.201171875 0.40625 0.01953125 0.026041666666666668
8 0.39453125 0.4075520833333333 0.01953125 0.026041666666666668
9 0.1943359375 0.67578125 0.01953125 0.026041666666666668
9 0.3955078125 0.6809895833333334 0.01953125 0.026041666666666668
4 0.2197265625 0.4140625 0.01953125 0.026041666666666668
4 0.376953125 0.4153645833333333 0.01953125 0.026041666666666668
5 0.2109375 0.67578125 0.01953125 0.026041666666666668
5 0.380859375 0.6744791666666666 0.01953125 0.026041666666666668
6 0.291015625 0.40625 0.01953125 0.026041666666666668
6 0.3095703125 0.4075520833333333 0.01953125 0.026041666666666668
7 0.2841796875 0.67578125 0.01953125 0.026041666666666668
7 0.3037109375 0.67578125 0.01953125 0.026041666666666668
8 0.6044921875 0.4127604166666667 0.01953125 0.026041666666666668
8 0.802734375 0.4153645833333333 0.01953125 0.026041666666666668
9 0.603515625 0.6979166666666666 0.01953125 0.026041666666666668
9 0.8017578125 0.6979166666666666 0.01953125 0.026041666666666668
4 0.6171875 0.421875 0.01953125 0.026041666666666668
4 0.7900390625 0.4231770833333333 0.01953125 0.026041666666666668
5 0.6162109375 0.6901041666666666 0.01953125 0.026041666666666668
5 0.78515625 0.69140625 0.01953125 0.026041666666666668
6 0.6962890625 0.4140625 0.01953125 0.026041666666666668
6 0.7109375 0.4153645833333333 0.01953125 0.026041666666666668
7 0.6962890625 0.6927083333333334 0.01953125 0.026041666666666668
7 0.7119140625 0.6888020833333334 0.01953125 0.026041666666666668
