0 0.319922 0.575000 0.035156 0.050000
1 0.6927083333333334 0.384765625 0.03125 0.06640625
1 0.69140625 0.6884765625 0.028645833333333332 0.068359375
8 0.6848958333333334 0.224609375 0.052083333333333336 0.0390625
9 0.7057291666666666 0.958984375 0.052083333333333336 0.0390625
2 0.2682291666666667 0.22265625 0.052083333333333336 0.0390625
3 0.2708333333333333 0.96875 0.052083333333333336 0.0390625
4 0.640625 0.2578125 0.052083333333333336 0.0390625
5 0.6588541666666666 0.96484375 0.052083333333333336 0.0390625
6 0.3072916666666667 0.255859375 0.052083333333333336 0.0390625
7 0.3307291666666667 0.96875 0.052083333333333336 0.0390625
