0 0.174219 0.613889 0.112500 0.772222
0 0.453125 0.442361 0.056250 0.023611
0 0.455859 0.483333 0.041406 0.025000
0 0.524219 0.451389 0.018750 0.047222
0 0.591016 0.475000 0.008594 0.052778
0 0.596484 0.479861 0.010156 0.043056
0 0.870703 0.614583 0.052344 0.040278
0 0.864844 0.699306 0.056250 0.034722
0 0.857422 0.783333 0.057031 0.033333
0 0.183203 0.194444 0.027344 0.080556
0 0.057031 0.080556 0.046875 0.111111
0 0.200391 0.412500 0.027344 0.041667
0 0.192578 0.304861 0.024219 0.026389
0 0.202734 0.450000 0.019531 0.033333
0 0.205078 0.479167 0.021094 0.036111
0 0.240625 0.400694 0.017188 0.059722
0 0.221875 0.658333 0.015625 0.036111
8 0.228515625 0.17276720351390923 0.01953125 0.029282576866764276
9 0.25390625 0.5739385065885798 0.01953125 0.029282576866764276
2 0.3486328125 0.17276720351390923 0.01953125 0.029282576866764276
3 0.37109375 0.5592972181551976 0.01953125 0.029282576866764276
4 0.240234375 0.19472913616398244 0.01953125 0.029282576866764276
5 0.2685546875 0.5592972181551976 0.01953125 0.029282576866764276
6 0.337890625 0.19765739385065886 0.01953125 0.029282576866764276
7 0.35546875 0.5534407027818448 0.01953125 0.029282576866764276
