0 0.712500 0.511806 0.025000 0.131944
0 0.710547 0.656944 0.024219 0.138889
0 0.257031 0.663889 0.023438 0.038889
0 0.263281 0.578472 0.018750 0.037500
8 0.173828125 0.34992679355783307 0.01953125 0.029282576866764276
9 0.1845703125 0.808199121522694 0.01953125 0.029282576866764276
2 0.0546875 0.30307467057101023 0.01953125 0.029282576866764276
3 0.068359375 0.6764275256222547 0.01953125 0.029282576866764276
4 0.1953125 0.363103953147877 0.01953125 0.029282576866764276
5 0.2021484375 0.8038067349926794 0.01953125 0.029282576866764276
6 0.25390625 0.3411420204978038 0.01953125 0.029282576866764276
7 0.2646484375 0.849194729136164 0.01953125 0.029282576866764276
