0 0.607422 0.511806 0.133594 0.537500
0 0.410156 0.497222 0.145313 0.558333
4 0.009765625 0.015625 0.01953125 0.026041666666666668
4 0.9873046875 0.009114583333333334 0.01953125 0.026041666666666668
5 0.0087890625 0.9830729166666666 0.01953125 0.026041666666666668
5 0.9853515625 0.9791666666666666 0.01953125 0.026041666666666668
6 0.4931640625 0.014322916666666666 0.01953125 0.026041666666666668
6 0.533203125 0.014322916666666666 0.01953125 0.026041666666666668
7 0.4892578125 0.98046875 0.01953125 0.026041666666666668
7 0.5302734375 0.9778645833333334 0.01953125 0.026041666666666668
