0 0.533984 0.477778 0.053906 0.386111
0 0.407422 0.471528 0.053906 0.384722
4 0.0029296875 0.0029411764705882353 0.01953125 0.029411764705882353
4 0.9912109375 0.010294117647058823 0.01953125 0.029411764705882353
5 0.00390625 0.9897058823529411 0.01953125 0.029411764705882353
5 0.9970703125 0.9941176470588234 0.01953125 0.029411764705882353
6 0.462890625 0.007352941176470588 0.01953125 0.029411764705882353
6 0.4775390625 0.007352941176470588 0.01953125 0.029411764705882353
7 0.4609375 0.9941176470588234 0.01953125 0.029411764705882353
7 0.4716796875 0.9926470588235293 0.01953125 0.029411764705882353
