0 0.326172 0.658333 0.011719 0.419444
0 0.341406 0.650000 0.018750 0.408333
0 0.346094 0.342361 0.012500 0.029167
0 0.356641 0.345139 0.011719 0.029167
0 0.190625 0.744444 0.015625 0.036111
0 0.187500 0.838194 0.012500 0.037500
0 0.152344 0.537500 0.012500 0.027778
0 0.162891 0.538889 0.014844 0.019444
8 0.5791015625 0.33382137628111275 0.01953125 0.029282576866764276
9 0.5791015625 0.746705710102489 0.01953125 0.029282576866764276
2 0.6787109375 0.35431918008784774 0.01953125 0.029282576866764276
3 0.68359375 0.7540263543191801 0.01953125 0.029282576866764276
4 0.5859375 0.3484626647144949 0.01953125 0.029282576866764276
5 0.587890625 0.7481698389458273 0.01953125 0.029282576866764276
6 0.673828125 0.37042459736456806 0.01953125 0.029282576866764276
7 0.6748046875 0.7496339677891655 0.01953125 0.029282576866764276
