0 0.710938 0.907639 0.059375 0.104167
0 0.451172 0.518750 0.021094 0.029167
0 0.180078 0.770833 0.017969 0.027778
0 0.101172 0.909028 0.028906 0.026389
0 0.112500 0.888194 0.021875 0.029167
0 0.626953 0.741667 0.019531 0.036111
0 0.614062 0.806944 0.026563 0.030556
0 0.621875 0.872917 0.014062 0.037500
0 0.620703 0.928472 0.019531 0.037500
1 0.2958984375 0.8257686676427526 0.013671875 0.03806734992679356
1 0.29150390625 0.3001464128843338 0.0107421875 0.040995607613469986
8 0.2841796875 0.18301610541727673 0.01953125 0.029282576866764276
9 0.271484375 0.8389458272327965 0.01953125 0.029282576866764276
2 0.072265625 0.13030746705710103 0.01953125 0.029282576866764276
3 0.076171875 0.6486090775988287 0.01953125 0.029282576866764276
4 0.29296875 0.21522693997071743 0.01953125 0.029282576866764276
5 0.2900390625 0.8374816983894583 0.01953125 0.029282576866764276
6 0.46484375 0.2240117130307467 0.01953125 0.029282576866764276
7 0.453125 0.8418740849194729 0.01953125 0.029282576866764276
