0 0.449609 0.309722 0.030469 0.211111
0 0.452734 0.538194 0.028906 0.231944
0 0.739453 0.822222 0.171094 0.063889
0 0.056250 0.502083 0.039062 0.054167
2 0.0771484375 0.014322916666666666 0.01953125 0.026041666666666668
3 0.111328125 0.984375 0.01953125 0.026041666666666668
4 0.00390625 0.005208333333333333 0.01953125 0.026041666666666668
5 0.001953125 0.98828125 0.01953125 0.026041666666666668
6 0.0576171875 0.009114583333333334 0.01953125 0.026041666666666668
7 0.0908203125 0.98828125 0.01953125 0.026041666666666668
