0 0.116797 0.904861 0.197656 0.054167
8 0.70703125 0.18489583333333334 0.01953125 0.026041666666666668
8 0.0087890625 0.11979166666666667 0.01953125 0.026041666666666668
2 0.7294921875 0.9453125 0.01953125 0.026041666666666668
2 0.25 0.14713541666666666 0.01953125 0.026041666666666668
2 0.3037109375 0.140625 0.01953125 0.026041666666666668
3 0.251953125 0.9856770833333334 0.01953125 0.026041666666666668
3 0.28515625 0.9856770833333334 0.01953125 0.026041666666666668
4 0.01171875 0.17057291666666666 0.01953125 0.026041666666666668
4 0.6806640625 0.21744791666666666 0.01953125 0.026041666666666668
5 0.0068359375 0.984375 0.01953125 0.026041666666666668
5 0.6806640625 0.49609375 0.01953125 0.026041666666666668
6 0.23046875 0.18489583333333334 0.01953125 0.026041666666666668
6 0.3095703125 0.1953125 0.01953125 0.026041666666666668
7 0.2294921875 0.984375 0.01953125 0.026041666666666668
7 0.3115234375 0.9895833333333334 0.01953125 0.026041666666666668
