0 0.693750 0.413889 0.020312 0.150000
0 0.502734 0.346528 0.008594 0.020833
0 0.139453 0.342361 0.010156 0.020833
0 0.123828 0.343750 0.010156 0.029167
0 0.337109 0.468750 0.011719 0.018056
0 0.336719 0.493750 0.010937 0.020833
0 0.346875 0.341667 0.015625 0.030556
0 0.431641 0.268056 0.013281 0.025000
0 0.216016 0.340278 0.013281 0.025000
0 0.230859 0.340972 0.011719 0.031944
0 0.272656 0.343056 0.010937 0.025000
0 0.274219 0.502083 0.012500 0.037500
0 0.257812 0.509028 0.014062 0.031944
4 0.8369140625 0.30036630036630035 0.01953125 0.02442002442002442
5 0.8310546875 0.41147741147741146 0.01953125 0.02442002442002442
6 0.8037109375 0.2979242979242979 0.01953125 0.02442002442002442
7 0.8017578125 0.41147741147741146 0.01953125 0.02442002442002442
8 0.8525390625 0.28205128205128205 0.01953125 0.02442002442002442
9 0.8486328125 0.42735042735042733 0.01953125 0.02442002442002442
2 0.7958984375 0.27228327228327226 0.01953125 0.02442002442002442
3 0.7900390625 0.43833943833943834 0.01953125 0.02442002442002442
