0 0.632422 0.559722 0.028906 0.141667
0 0.632812 0.413194 0.021875 0.131944
0 0.401953 0.606944 0.019531 0.036111
8 0.470703125 0.2781844802342606 0.01953125 0.029282576866764276
9 0.4814453125 0.7393850658857979 0.01953125 0.029282576866764276
1 0.4677734375 0.3374816983894583 0.009765625 0.03074670571010249
1 0.4736328125 0.6888726207906295 0.005859375 0.024890190336749635
2 0.3662109375 0.2445095168374817 0.01953125 0.029282576866764276
3 0.3955078125 0.8155197657393851 0.01953125 0.029282576866764276
4 0.462890625 0.29428989751098095 0.01953125 0.029282576866764276
5 0.470703125 0.7379209370424598 0.01953125 0.029282576866764276
6 0.3740234375 0.2635431918008785 0.01953125 0.029282576866764276
7 0.396484375 0.802342606149341 0.01953125 0.029282576866764276
