0 0.594141 0.460417 0.142969 0.556944
0 0.473047 0.409722 0.110156 0.522222
4 0.0078125 0.01171875 0.01953125 0.026041666666666668
4 0.9873046875 0.01171875 0.01953125 0.026041666666666668
5 0.0107421875 0.9791666666666666 0.01953125 0.026041666666666668
5 0.9892578125 0.984375 0.01953125 0.026041666666666668
6 0.3896484375 0.015625 0.01953125 0.026041666666666668
6 0.427734375 0.015625 0.01953125 0.026041666666666668
7 0.4375 0.98046875 0.01953125 0.026041666666666668
7 0.4677734375 0.984375 0.01953125 0.026041666666666668
