0 0.771094 0.536806 0.015625 0.231944
0 0.103906 0.897917 0.021875 0.043056
0 0.105469 0.955556 0.015625 0.027778
0 0.172266 0.879167 0.013281 0.016667
0 0.173828 0.829861 0.013281 0.020833
8 0.5751953125 0.2827586206896552 0.01953125 0.027586206896551724
9 0.5712890625 0.7517241379310344 0.01953125 0.027586206896551724
2 0.3935546875 0.2827586206896552 0.01953125 0.027586206896551724
3 0.392578125 0.7448275862068966 0.01953125 0.027586206896551724
4 0.5712890625 0.3158620689655172 0.01953125 0.027586206896551724
5 0.5673828125 0.7186206896551725 0.01953125 0.027586206896551724
6 0.4150390625 0.3103448275862069 0.01953125 0.027586206896551724
7 0.4072265625 0.7282758620689656 0.01953125 0.027586206896551724
