0 0.457422 0.599306 0.060156 0.065278
0 0.561719 0.606944 0.050000 0.055556
8 0.8711340206185567 0.275390625 0.05154639175257732 0.0390625
8 0.14175257731958762 0.27734375 0.05154639175257732 0.0390625
9 0.15463917525773196 0.9375 0.05154639175257732 0.0390625
9 0.8685567010309279 0.9375 0.05154639175257732 0.0390625
4 0.17525773195876287 0.302734375 0.05154639175257732 0.0390625
4 0.8427835051546392 0.294921875 0.05154639175257732 0.0390625
5 0.19072164948453607 0.919921875 0.05154639175257732 0.0390625
5 0.8479381443298969 0.919921875 0.05154639175257732 0.0390625
6 0.4948453608247423 0.30078125 0.05154639175257732 0.0390625
6 0.5283505154639175 0.30078125 0.05154639175257732 0.0390625
7 0.49742268041237114 0.919921875 0.05154639175257732 0.0390625
7 0.520618556701031 0.91796875 0.05154639175257732 0.0390625
