0 0.676953 0.365278 0.019531 0.113889
4 0.9462890625 0.009114583333333334 0.01953125 0.026041666666666668
5 0.9423828125 0.8177083333333334 0.01953125 0.026041666666666668
6 0.8525390625 0.014322916666666666 0.01953125 0.026041666666666668
7 0.8505859375 0.8736979166666666 0.01953125 0.026041666666666668
4 0.8291015625 0.014322916666666666 0.01953125 0.026041666666666668
5 0.814453125 0.8815104166666666 0.01953125 0.026041666666666668
6 0.67578125 0.01171875 0.01953125 0.026041666666666668
7 0.6669921875 0.9713541666666666 0.01953125 0.026041666666666668
4 0.384765625 0.014322916666666666 0.01953125 0.026041666666666668
5 0.3828125 0.9869791666666666 0.01953125 0.026041666666666668
6 0.6484375 0.014322916666666666 0.01953125 0.026041666666666668
7 0.640625 0.9765625 0.01953125 0.026041666666666668
8 0.328125 0.013020833333333334 0.01953125 0.026041666666666668
9 0.34765625 0.98828125 0.01953125 0.026041666666666668
