0 0.151562 0.353472 0.048437 0.026389
0 0.155078 0.527778 0.055469 0.041667
0 0.159766 0.702778 0.047656 0.027778
0 0.163672 0.861806 0.050781 0.031944
0 0.773438 0.347222 0.039062 0.030556
0 0.769922 0.481944 0.036719 0.030556
0 0.768750 0.608333 0.032812 0.036111
0 0.761719 0.726389 0.032812 0.030556
0 0.756641 0.845833 0.030469 0.036111
4 0.8876953125 0.14713541666666666 0.01953125 0.026041666666666668
5 0.8681640625 0.7174479166666666 0.01953125 0.026041666666666668
6 0.9228515625 0.1484375 0.01953125 0.026041666666666668
7 0.9033203125 0.7825520833333334 0.01953125 0.026041666666666668
8 0.888671875 0.11458333333333333 0.01953125 0.026041666666666668
2 0.923828125 0.11979166666666667 0.01953125 0.026041666666666668
