0 0.030859 0.426389 0.061719 0.194444
0 0.019141 0.245139 0.038281 0.159722
8 0.3507853403141361 0.1171875 0.05235602094240838 0.0390625
9 0.3586387434554974 0.580078125 0.05235602094240838 0.0390625
2 0.6047120418848168 0.12109375 0.05235602094240838 0.0390625
3 0.5942408376963351 0.576171875 0.05235602094240838 0.0390625
4 0.35340314136125656 0.140625 0.05235602094240838 0.0390625
5 0.3586387434554974 0.548828125 0.05235602094240838 0.0390625
6 0.38219895287958117 0.134765625 0.05235602094240838 0.0390625
7 0.3900523560209424 0.548828125 0.05235602094240838 0.0390625
