8 0.009765625 0.13411458333333334 0.01953125 0.026041666666666668
8 0.490234375 0.1171875 0.01953125 0.026041666666666668
8 0.5771484375 0.1171875 0.01953125 0.026041666666666668
8 0.931640625 0.11848958333333333 0.01953125 0.026041666666666668
9 0.0419921875 0.93359375 0.01953125 0.026041666666666668
9 0.5126953125 0.8033854166666666 0.01953125 0.026041666666666668
9 0.5654296875 0.8020833333333334 0.01953125 0.026041666666666668
9 0.900390625 0.7057291666666666 0.01953125 0.026041666666666668
4 0.0068359375 0.171875 0.01953125 0.026041666666666668
4 0.482421875 0.15885416666666666 0.01953125 0.026041666666666668
4 0.591796875 0.14583333333333334 0.01953125 0.026041666666666668
4 0.9033203125 0.1484375 0.01953125 0.026041666666666668
5 0.0654296875 0.8919270833333334 0.01953125 0.026041666666666668
5 0.4921875 0.7916666666666666 0.01953125 0.026041666666666668
5 0.5869140625 0.7630208333333334 0.01953125 0.026041666666666668
5 0.8837890625 0.6809895833333334 0.01953125 0.026041666666666668
6 0.2451171875 0.16796875 0.01953125 0.026041666666666668
6 0.2783203125 0.1640625 0.01953125 0.026041666666666668
6 0.7451171875 0.14713541666666666 0.01953125 0.026041666666666668
6 0.7685546875 0.14973958333333334 0.01953125 0.026041666666666668
7 0.267578125 0.83203125 0.01953125 0.026041666666666668
7 0.3115234375 0.8307291666666666 0.01953125 0.026041666666666668
7 0.7265625 0.7200520833333334 0.01953125 0.026041666666666668
7 0.7626953125 0.7135416666666666 0.01953125 0.026041666666666668
