0 0.728906 0.540278 0.021875 0.022222
0 0.507812 0.517361 0.017188 0.031944
8 0.4814453125 0.14453125 0.01953125 0.026041666666666668
8 0.919921875 0.11848958333333333 0.01953125 0.026041666666666668
9 0.89453125 0.8268229166666667 0.01953125 0.026041666666666668
4 0.908203125 0.13802083333333334 0.01953125 0.026041666666666668
5 0.880859375 0.8138020833333334 0.01953125 0.026041666666666668
6 0.5322265625 0.16536458333333334 0.01953125 0.026041666666666668
6 0.689453125 0.15494791666666669 0.01953125 0.026041666666666668
7 0.533203125 0.7434895833333334 0.01953125 0.026041666666666668
7 0.6767578125 0.7734375 0.01953125 0.026041666666666668
