0 0.439453 0.643750 0.042969 0.040278
0 0.525781 0.569444 0.028125 0.022222
0 0.826563 0.422222 0.035937 0.033333
0 0.788281 0.417361 0.031250 0.037500
0 0.161328 0.122917 0.044531 0.054167
0 0.085547 0.098611 0.053906 0.052778
0 0.239844 0.943750 0.045313 0.040278
1 0.28662109375 0.24115044247787612 0.0087890625 0.03687315634218289
1 0.2880859375 0.5811209439528023 0.01171875 0.038348082595870206
8 0.2607421875 0.13274336283185842 0.01953125 0.029498525073746312
9 0.267578125 0.7654867256637168 0.01953125 0.029498525073746312
4 0.2861328125 0.12979351032448377 0.01953125 0.029498525073746312
5 0.296875 0.9572271386430679 0.01953125 0.029498525073746312
6 0.466796875 0.11356932153392331 0.01953125 0.029498525073746312
7 0.4541015625 0.9793510324483776 0.01953125 0.029498525073746312
