0 0.787891 0.648611 0.105469 0.047222
1 0.3020134228187919 0.2881944444444444 0.03355704697986577 0.06481481481481481
1 0.31795302013422816 0.6203703703703703 0.028523489932885907 0.05324074074074074
1 0.3296979865771812 0.9554398148148148 0.02181208053691275 0.059027777777777776
8 0.24496644295302014 0.09490740740740741 0.03355704697986577 0.023148148148148147
9 0.3036912751677852 0.9814814814814815 0.03355704697986577 0.023148148148148147
2 0.9093959731543624 0.027777777777777776 0.03355704697986577 0.023148148148148147
3 0.8926174496644296 0.9837962962962963 0.03355704697986577 0.023148148148148147
4 0.2785234899328859 0.11805555555555555 0.03355704697986577 0.023148148148148147
5 0.33557046979865773 0.9849537037037037 0.03355704697986577 0.023148148148148147
6 0.8741610738255033 0.05555555555555555 0.03355704697986577 0.023148148148148147
7 0.8557046979865772 0.9895833333333334 0.03355704697986577 0.023148148148148147
