0 0.781250 0.659028 0.123438 0.084722
1 0.22359154929577466 0.3788461538461539 0.03873239436619718 0.05384615384615385
1 0.24471830985915494 0.5586538461538462 0.03873239436619718 0.04423076923076923
1 0.278169014084507 0.7461538461538462 0.04225352112676056 0.05384615384615385
1 0.31338028169014087 0.9163461538461538 0.04929577464788732 0.051923076923076926
8 0.15492957746478872 0.2326923076923077 0.07042253521126761 0.038461538461538464
9 0.2535211267605634 0.9384615384615385 0.07042253521126761 0.038461538461538464
2 0.8943661971830986 0.15 0.07042253521126761 0.038461538461538464
3 0.954225352112676 0.9826923076923076 0.07042253521126761 0.038461538461538464
4 0.22183098591549297 0.26153846153846155 0.07042253521126761 0.038461538461538464
5 0.30985915492957744 0.9192307692307692 0.07042253521126761 0.038461538461538464
6 0.8274647887323944 0.18653846153846154 0.07042253521126761 0.038461538461538464
7 0.8697183098591549 0.9730769230769231 0.07042253521126761 0.038461538461538464
