0 0.165625 0.656250 0.096875 0.043056
1 0.6997518610421837 0.2955390334572491 0.02481389578163772 0.07806691449814127
1 0.6774193548387097 0.6886617100371747 0.02977667493796526 0.0687732342007435
1 0.6476426799007444 1.012081784386617 0.02977667493796526 0.05762081784386617
8 0.707196029776675 0.0762081784386617 0.04962779156327544 0.03717472118959108
9 0.6401985111662531 0.9888475836431226 0.04962779156327544 0.03717472118959108
2 0.03970223325062035 0.07063197026022305 0.04962779156327544 0.03717472118959108
3 0.09181141439205956 0.983271375464684 0.04962779156327544 0.03717472118959108
4 0.6600496277915633 0.10223048327137546 0.04962779156327544 0.03717472118959108
5 0.5955334987593052 0.9851301115241635 0.04962779156327544 0.03717472118959108
6 0.08933002481389578 0.10408921933085502 0.04962779156327544 0.03717472118959108
7 0.13399503722084366 0.9814126394052045 0.04962779156327544 0.03717472118959108
