0 0.135937 0.844444 0.098438 0.080556
8 0.7209631728045326 0.04513888888888889 0.028328611898016998 0.023148148148148147
9 0.7011331444759207 0.9826388888888888 0.028328611898016998 0.023148148148148147
2 0.07365439093484419 0.14351851851851852 0.028328611898016998 0.023148148148148147
3 0.07932011331444759 0.9907407407407407 0.028328611898016998 0.023148148148148147
1 0.7237960339943343 0.36342592592592593 0.028328611898016998 0.10416666666666667
1 0.7075070821529745 0.9791666666666666 0.024079320113314446 0.09259259259259259
4 0.6926345609065155 0.07523148148148148 0.028328611898016998 0.023148148148148147
5 0.669971671388102 0.9849537037037037 0.028328611898016998 0.023148148148148147
6 0.09773371104815864 0.16898148148148148 0.028328611898016998 0.023148148148148147
7 0.11189801699716714 0.9826388888888888 0.028328611898016998 0.023148148148148147
