0 0.826563 0.627083 0.093750 0.062500
1 0.2906574394463668 0.2633101851851852 0.031141868512110725 0.06365740740740741
1 0.3166089965397924 0.6510416666666667 0.031141868512110725 0.06597222222222222
1 0.33304498269896193 0.9930555555555556 0.029411764705882353 0.0625
8 0.23529411764705882 0.0625 0.03460207612456748 0.023148148148148147
9 0.2889273356401384 0.9884259259259259 0.03460207612456748 0.023148148148148147
2 0.9394463667820069 0.08912037037037036 0.03460207612456748 0.023148148148148147
3 0.9100346020761245 0.9884259259259259 0.03460207612456748 0.023148148148148147
4 0.28027681660899656 0.09143518518518519 0.03460207612456748 0.023148148148148147
5 0.3373702422145329 0.9861111111111112 0.03460207612456748 0.023148148148148147
6 0.8961937716262975 0.11342592592592593 0.03460207612456748 0.023148148148148147
7 0.870242214532872 0.9837962962962963 0.03460207612456748 0.023148148148148147
