0 0.248047 0.561111 0.050781 0.047222
8 0.9541984732824427 0.07551020408163266 0.07633587786259542 0.04081632653061224
9 0.8778625954198472 0.8938775510204082 0.07633587786259542 0.04081632653061224
2 0.1068702290076336 0.06326530612244897 0.07633587786259542 0.04081632653061224
3 0.19083969465648856 0.9387755102040817 0.07633587786259542 0.04081632653061224
4 0.9083969465648855 0.09183673469387754 0.07633587786259542 0.04081632653061224
5 0.8244274809160305 0.889795918367347 0.07633587786259542 0.04081632653061224
6 0.16030534351145037 0.08571428571428572 0.07633587786259542 0.04081632653061224
7 0.2480916030534351 0.9224489795918368 0.07633587786259542 0.04081632653061224
1 0.9293893129770993 0.1989795918367347 0.04961832061068702 0.06326530612244897
1 0.900763358778626 0.5326530612244899 0.04580152671755725 0.05714285714285714
1 0.8721374045801527 0.8204081632653061 0.03435114503816794 0.04897959183673469
