      0/29        0G    0.1096   0.06793   0.04213    0.2196        18       640   0.01594 0.0005682    0.0283  0.005675   0.09533   0.06321   0.03212
      1/29        0G   0.08302   0.07225   0.03017    0.1854        11       640    0.1817    0.3865    0.2104   0.06563   0.07577   0.05553    0.0221
      2/29        0G   0.07623   0.06586   0.02378    0.1659        68       640    0.2292    0.5101    0.2696   0.09234   0.06918   0.05217   0.01828
      3/29        0G   0.07197   0.06696   0.02056    0.1595        16       640    0.2043    0.5931    0.3291    0.1204   0.06524   0.05223   0.01591
      4/29        0G   0.06386    0.0667   0.01788    0.1484        18       640    0.2482    0.5436    0.3792    0.1518   0.06252    0.0547   0.01606
      5/29        0G   0.06078   0.06761   0.01741    0.1458        15       640    0.2639    0.5675    0.4274    0.1822   0.06018   0.05473   0.01623
      6/29        0G   0.05769   0.06636   0.01638    0.1404        21       640    0.2532    0.4318    0.3124    0.1082   0.06481   0.05843   0.01779
      7/29        0G   0.05656   0.06382   0.01537    0.1358        30       640    0.2995    0.6633    0.4976    0.2069   0.05761   0.05125   0.01452
      8/29        0G    0.0559   0.06497   0.01499    0.1359        22       640    0.3107     0.626    0.5188    0.2353   0.05669   0.05229   0.01439
      9/29        0G   0.05388    0.0655   0.01364     0.133        31       640    0.3411    0.6034    0.5026    0.2307   0.05687   0.05175    0.0133
     10/29        0G    0.0536    0.0619   0.01375    0.1293        31       640    0.3655    0.6674    0.5565    0.2596   0.05501   0.04972   0.01267
     11/29        0G   0.05259   0.06153   0.01275    0.1269        20       640    0.3253    0.6976    0.5523    0.2628   0.05355   0.04967   0.01317
     12/29        0G   0.05118    0.0582   0.01217    0.1216        16       640    0.3364    0.7017    0.5903    0.2911   0.05376   0.04822   0.01238
     13/29        0G   0.05033    0.0593   0.01166    0.1213        25       640    0.3831    0.6763    0.5861    0.2772   0.05406   0.04892   0.01172
     14/29        0G   0.04982    0.0589   0.01078    0.1195        30       640    0.3875    0.6951    0.5832    0.2951    0.0533   0.04858   0.01217
     15/29        0G    0.0498   0.05674   0.01105    0.1176         8       640    0.3556    0.7291    0.6374    0.3246   0.05197   0.04675   0.01151
     16/29        0G   0.04882   0.05766   0.01032    0.1168        47       640    0.3822    0.7007    0.6106    0.2991   0.05228   0.04817   0.01169
     17/29        0G   0.04817   0.05615  0.009897    0.1142        47       640    0.3728    0.7272    0.6396    0.3275   0.05116   0.04729   0.01169
     18/29        0G   0.04707   0.05493  0.009996     0.112        30       640    0.3975    0.7224    0.6322    0.3204   0.05155   0.04652   0.01159
     19/29        0G   0.04692   0.05235  0.009439    0.1087        66       640     0.412    0.7263    0.6384    0.3268   0.05097    0.0471    0.0112
     20/29        0G   0.04677   0.05273  0.009774    0.1093        27       640    0.3713    0.7493     0.645    0.3216   0.05031   0.04701   0.01089
     21/29        0G   0.04556   0.05378  0.009135    0.1085        36       640    0.4127    0.7257    0.6391    0.3297   0.05096   0.04725   0.01094
     22/29        0G   0.04511   0.05022  0.008839    0.1042         8       640    0.3901    0.7127    0.6309     0.326   0.05077   0.04675   0.01104
     23/29        0G   0.04445   0.05176  0.008427    0.1046        25       640    0.4195    0.7279    0.6518    0.3398   0.04962   0.04627    0.0108
     24/29        0G   0.04493   0.05185  0.008638    0.1054        13       640    0.4318    0.7249    0.6617    0.3523   0.04975   0.04633   0.01018
     25/29        0G    0.0441   0.04995  0.008219    0.1023        33       640    0.4196    0.7368    0.6663    0.3523   0.04989   0.04594    0.0107
     26/29        0G   0.04431   0.05199  0.008472    0.1048        15       640    0.3952    0.7303    0.6612    0.3494   0.04955   0.04693   0.01059
     27/29        0G   0.04393   0.05119  0.008311    0.1034        42       640    0.4235    0.7195    0.6705    0.3536   0.04949   0.04666   0.01069
     28/29        0G   0.04394   0.05007  0.008209    0.1022        34       640    0.4266    0.7455    0.6799    0.3584    0.0493   0.04611   0.01021
     29/29        0G   0.04324   0.05073  0.007647    0.1016        19       640    0.4204    0.7531    0.6635    0.3554   0.04944   0.04611  0.009972
